Date,Quarter,Close,PE
2005-01-03,2005-Q1,66.4,17.382198952879584
2005-01-04,2005-Q1,68.2,17.85340314136126
2005-01-05,2005-Q1,64.0,16.75392670157068
2005-01-06,2005-Q1,63.9,16.727748691099478
2005-01-07,2005-Q1,64.6,16.910994764397905
2005-01-10,2005-Q1,67.35,17.63089005235602
2005-01-11,2005-Q1,65.05,17.028795811518325
2005-01-12,2005-Q1,61.24999999999999,16.034031413612567
2005-01-13,2005-Q1,63.49999999999999,16.62303664921466
2005-01-14,2005-Q1,63.29999999999999,16.57068062827225
2005-01-17,2005-Q1,62.599999999999994,16.387434554973822
2005-01-18,2005-Q1,62.85,16.452879581151834
2005-01-19,2005-Q1,62.199999999999996,16.282722513089006
2005-01-20,2005-Q1,61.39999999999999,16.073298429319372
2005-01-21,2005-Q1,61.39999999999999,16.073298429319372
2005-01-24,2005-Q1,61.54999999999999,16.112565445026178
2005-01-25,2005-Q1,62.499999999999986,16.36125654450262
2005-01-26,2005-Q1,62.499999999999986,16.36125654450262
2005-01-27,2005-Q1,65.04999999999998,17.028795811518325
2005-01-28,2005-Q1,68.64999999999999,17.97120418848168
2005-01-31,2005-Q1,71.29999999999998,18.664921465968582
2005-02-01,2005-Q1,73.04999999999998,19.12303664921466
2005-02-02,2005-Q1,73.99999999999999,19.3717277486911
2005-02-03,2005-Q1,76.44999999999999,20.013089005235603
2005-02-04,2005-Q1,75.6,19.790575916230367
2005-02-07,2005-Q1,79.65,20.85078534031414
2005-02-08,2005-Q1,77.5,20.287958115183248
2005-02-09,2005-Q1,76.0,19.895287958115183
2005-02-10,2005-Q1,74.74999999999999,19.56806282722513
2005-02-11,2005-Q1,74.74999999999999,19.56806282722513
2005-02-14,2005-Q1,74.49999999999999,19.502617801047123
2005-02-15,2005-Q1,73.49999999999999,19.24083769633508
2005-02-16,2005-Q1,73.14999999999999,19.149214659685867
2005-02-17,2005-Q1,73.89999999999999,19.345549738219898
2005-02-18,2005-Q1,73.14999999999999,19.149214659685867
2005-02-21,2005-Q1,72.19999999999999,18.900523560209425
2005-02-22,2005-Q1,71.59999999999998,18.7434554973822
2005-02-23,2005-Q1,72.19999999999999,18.900523560209425
2005-02-24,2005-Q1,72.99999999999999,19.10994764397906
2005-02-25,2005-Q1,71.74999999999999,18.78272251308901
2005-02-28,2005-Q1,71.44999999999999,18.704188481675395
2005-03-01,2005-Q1,69.79999999999998,10.940438871473354
2005-03-02,2005-Q1,70.15,10.995297805642634
2005-03-03,2005-Q1,71.85,11.261755485893415
2005-03-04,2005-Q1,71.9,11.269592476489027
2005-03-07,2005-Q1,72.3,11.33228840125392
2005-03-08,2005-Q1,71.9,11.269592476489027
2005-03-09,2005-Q1,69.99999999999999,10.9717868338558
2005-03-10,2005-Q1,69.99999999999999,10.9717868338558
2005-03-11,2005-Q1,69.95,10.963949843260188
2005-03-14,2005-Q1,69.04999999999998,10.822884012539184
2005-03-15,2005-Q1,68.04999999999998,10.66614420062696
2005-03-16,2005-Q1,68.29999999999998,10.705329153605016
2005-03-17,2005-Q1,67.89999999999999,10.642633228840127
2005-03-18,2005-Q1,67.65,10.60344827586207
2005-03-21,2005-Q1,68.95,10.807210031347964
2005-03-22,2005-Q1,67.35,10.5564263322884
2005-03-23,2005-Q1,66.25,10.384012539184951
2005-03-24,2005-Q1,66.49999999999999,10.423197492163007
2005-03-25,2005-Q1,66.49999999999999,10.423197492163007
2005-03-28,2005-Q1,66.24999999999999,10.384012539184951
2005-03-29,2005-Q1,64.99999999999999,10.18808777429467
2005-03-30,2005-Q1,65.59999999999998,10.282131661442005
2005-03-31,2005-Q1,68.69999999999999,10.768025078369906
2005-04-01,2005-Q2,69.89999999999999,10.956112852664578
2005-04-04,2005-Q2,69.14999999999999,10.838557993730408
2005-04-05,2005-Q2,68.19999999999999,10.689655172413794
2005-04-06,2005-Q2,71.74999999999997,11.246081504702197
2005-04-07,2005-Q2,70.99999999999997,11.128526645768025
2005-04-08,2005-Q2,70.84999999999997,11.10501567398119
2005-04-11,2005-Q2,69.29999999999997,10.862068965517242
2005-04-12,2005-Q2,72.69999999999997,11.39498432601881
2005-04-13,2005-Q2,73.44999999999997,11.51253918495298
2005-04-14,2005-Q2,73.44999999999997,11.51253918495298
2005-04-15,2005-Q2,70.59999999999995,11.065830721003136
2005-04-18,2005-Q2,69.54999999999997,10.901253918495298
2005-04-19,2005-Q2,68.59999999999997,10.752351097178682
2005-04-20,2005-Q2,67.89999999999998,10.642633228840127
2005-04-21,2005-Q2,70.34999999999998,11.026645768025078
2005-04-22,2005-Q2,72.89999999999998,11.426332288401255
2005-04-25,2005-Q2,73.99999999999999,11.598746081504702
2005-04-26,2005-Q2,73.09999999999997,11.457680250783698
2005-04-27,2005-Q2,72.44999999999997,11.355799373040751
2005-04-28,2005-Q2,71.64999999999998,11.230407523510973
2005-04-29,2005-Q2,71.84999999999997,11.261755485893415
2005-05-02,2005-Q2,71.04999999999997,11.136363636363637
2005-05-03,2005-Q2,72.14999999999998,11.308777429467083
2005-05-04,2005-Q2,72.29999999999998,11.33228840125392
2005-05-05,2005-Q2,72.69999999999997,11.39498432601881
2005-05-06,2005-Q2,73.09999999999997,11.457680250783698
2005-05-09,2005-Q2,74.04999999999998,11.606583072100314
2005-05-10,2005-Q2,74.99999999999999,11.755485893416928
2005-05-11,2005-Q2,75.39999999999999,11.81818181818182
2005-05-12,2005-Q2,78.44999999999997,12.296238244514107
2005-05-13,2005-Q2,79.99999999999997,12.539184952978056
2005-05-16,2005-Q2,84.79999999999997,13.29153605015674
2005-05-17,2005-Q2,83.64999999999998,13.11128526645768
2005-05-18,2005-Q2,82.39999999999996,12.9153605015674
2005-05-19,2005-Q2,83.79999999999995,13.134796238244514
2005-05-20,2005-Q2,83.44999999999996,13.079937304075235
2005-05-23,2005-Q2,82.69999999999996,12.962382445141069
2005-05-24,2005-Q2,86.69999999999995,13.589341692789969
2005-05-25,2005-Q2,87.34999999999994,13.691222570532917
2005-05-26,2005-Q2,85.69999999999993,13.432601880877744
2005-05-27,2005-Q2,82.84999999999992,12.9858934169279
2005-05-30,2005-Q2,83.79999999999991,13.134796238244514
2005-05-31,2005-Q2,84.04999999999991,13.17398119122257
2005-06-01,2005-Q2,85.89999999999992,20.50119331742244
2005-06-02,2005-Q2,84.99999999999993,20.286396181384248
2005-06-03,2005-Q2,87.44999999999992,20.871121718377086
2005-06-04,2005-Q2,90.69999999999993,21.646778042959426
2005-06-06,2005-Q2,89.84999999999992,21.443914081145586
2005-06-07,2005-Q2,91.19999999999993,21.76610978520286
2005-06-08,2005-Q2,92.64999999999993,22.11217183770883
2005-06-09,2005-Q2,97.49999999999991,23.269689737470166
2005-06-10,2005-Q2,95.54999999999991,22.80429594272076
2005-06-13,2005-Q2,95.34999999999991,22.756563245823383
2005-06-14,2005-Q2,93.34999999999991,22.27923627684964
2005-06-15,2005-Q2,95.14999999999993,22.708830548926013
2005-06-16,2005-Q2,90.94999999999992,21.706443914081145
2005-06-17,2005-Q2,87.89999999999992,20.97852028639618
2005-06-20,2005-Q2,88.84999999999991,21.205250596658708
2005-06-21,2005-Q2,91.19999999999992,21.76610978520286
2005-06-22,2005-Q2,88.84999999999991,21.205250596658708
2005-06-23,2005-Q2,90.39999999999992,21.575178997613364
2005-06-24,2005-Q2,89.74999999999993,21.420047732696894
2005-06-27,2005-Q2,96.49999999999991,23.03102625298329
2005-06-28,2005-Q2,91.84999999999992,21.921241050119328
2005-06-29,2005-Q2,91.94999999999992,21.945107398568016
2005-06-30,2005-Q2,89.09999999999991,21.264916467780427
2005-07-01,2005-Q3,91.1999999999999,21.76610978520286
2005-07-04,2005-Q3,93.5999999999999,22.33890214797136
2005-07-05,2005-Q3,91.2499999999999,21.778042959427207
2005-07-06,2005-Q3,91.39999999999989,21.81384248210024
2005-07-07,2005-Q3,90.34999999999987,21.563245823389018
2005-07-08,2005-Q3,90.29999999999988,21.551312649164675
2005-07-11,2005-Q3,93.19999999999987,22.24343675417661
2005-07-12,2005-Q3,96.14999999999985,22.947494033412887
2005-07-13,2005-Q3,102.54999999999983,24.47494033412888
2005-07-14,2005-Q3,98.99999999999984,23.62768496420048
2005-07-15,2005-Q3,101.89999999999985,24.31980906921241
2005-07-18,2005-Q3,103.19999999999983,24.630071599045344
2005-07-19,2005-Q3,101.54999999999984,24.236276849642003
2005-07-20,2005-Q3,101.84999999999984,24.30787589498806
2005-07-21,2005-Q3,103.24999999999983,24.642004773269687
2005-07-22,2005-Q3,107.24999999999982,25.59665871121718
2005-07-25,2005-Q3,105.99999999999982,25.29832935560859
2005-07-26,2005-Q3,106.54999999999983,25.42959427207637
2005-07-27,2005-Q3,106.34999999999982,25.381861575178995
2005-07-28,2005-Q3,106.34999999999982,25.381861575178995
2005-07-29,2005-Q3,101.69999999999983,24.27207637231504
2005-08-01,2005-Q3,101.09999999999982,24.128878281622907
2005-08-02,2005-Q3,103.99999999999983,24.82100238663484
2005-08-03,2005-Q3,102.04999999999983,24.35560859188544
2005-08-04,2005-Q3,102.04999999999983,24.35560859188544
2005-08-05,2005-Q3,101.84999999999982,24.30787589498806
2005-08-08,2005-Q3,96.94999999999983,23.138424821002385
2005-08-09,2005-Q3,96.49999999999984,23.03102625298329
2005-08-10,2005-Q3,101.29999999999981,24.176610978520284
2005-08-11,2005-Q3,100.54999999999981,23.99761336515513
2005-08-12,2005-Q3,99.09999999999981,23.65155131264916
2005-08-15,2005-Q3,99.09999999999981,23.65155131264916
2005-08-16,2005-Q3,100.64999999999982,24.021479713603817
2005-08-17,2005-Q3,100.94999999999982,24.09307875894988
2005-08-18,2005-Q3,98.99999999999982,23.62768496420048
2005-08-19,2005-Q3,97.24999999999983,23.210023866348447
2005-08-22,2005-Q3,97.34999999999981,23.23389021479713
2005-08-23,2005-Q3,94.84999999999982,22.637231503579947
2005-08-24,2005-Q3,94.19999999999982,22.482100238663485
2005-08-25,2005-Q3,92.99999999999983,22.19570405727924
2005-08-26,2005-Q3,96.6999999999998,23.078758949880665
2005-08-29,2005-Q3,98.79999999999981,23.5799522673031
2005-08-30,2005-Q3,99.39999999999979,23.723150357995227
2005-08-31,2005-Q3,101.14999999999979,24.140811455847256
2005-09-01,2005-Q3,99.7499999999998,20.19230769230769
2005-09-02,2005-Q3,98.8999999999998,20.02024291497976
2005-09-05,2005-Q3,99.2999999999998,20.101214574898783
2005-09-06,2005-Q3,99.34999999999981,20.11133603238866
2005-09-07,2005-Q3,99.34999999999981,20.11133603238866
2005-09-08,2005-Q3,98.99999999999982,20.04048582995951
2005-09-09,2005-Q3,98.6999999999998,19.979757085020243
2005-09-12,2005-Q3,100.49999999999982,20.34412955465587
2005-09-13,2005-Q3,100.29999999999981,20.30364372469636
2005-09-14,2005-Q3,98.84999999999981,20.01012145748988
2005-09-15,2005-Q3,100.8499999999998,20.414979757085018
2005-09-16,2005-Q3,104.7999999999998,21.214574898785425
2005-09-19,2005-Q3,105.14999999999979,21.28542510121457
2005-09-20,2005-Q3,103.54999999999978,20.96153846153846
2005-09-21,2005-Q3,99.8999999999998,20.222672064777328
2005-09-22,2005-Q3,92.19999999999982,18.66396761133603
2005-09-23,2005-Q3,90.54999999999981,18.32995951417004
2005-09-26,2005-Q3,93.8499999999998,18.99797570850202
2005-09-27,2005-Q3,96.99999999999979,19.63562753036437
2005-09-28,2005-Q3,98.19999999999979,19.878542510121456
2005-09-29,2005-Q3,98.09999999999978,19.8582995951417
2005-09-30,2005-Q3,98.69999999999979,19.979757085020243
2005-10-03,2005-Q4,100.84999999999978,20.414979757085018
2005-10-04,2005-Q4,101.0999999999998,20.46558704453441
2005-10-05,2005-Q4,101.14999999999979,20.47570850202429
2005-10-06,2005-Q4,102.2499999999998,20.698380566801617
2005-10-07,2005-Q4,101.5999999999998,20.5668016194332
2005-10-10,2005-Q4,99.74999999999982,20.19230769230769
2005-10-11,2005-Q4,98.79999999999981,20.0
2005-10-12,2005-Q4,98.79999999999981,20.0
2005-10-13,2005-Q4,99.5499999999998,20.15182186234817
2005-10-14,2005-Q4,96.2499999999998,19.483805668016192
2005-10-17,2005-Q4,94.9499999999998,19.22064777327936
2005-10-18,2005-Q4,94.7499999999998,19.18016194331984
2005-10-19,2005-Q4,91.99999999999982,18.623481781376515
2005-10-20,2005-Q4,87.54999999999983,17.722672064777328
2005-10-21,2005-Q4,90.64999999999984,18.3502024291498
2005-10-24,2005-Q4,89.69999999999983,18.157894736842103
2005-10-25,2005-Q4,89.44999999999983,18.10728744939271
2005-10-26,2005-Q4,89.54999999999983,18.12753036437247
2005-10-27,2005-Q4,86.84999999999984,17.580971659919026
2005-10-28,2005-Q4,85.54999999999986,17.317813765182184
2005-10-31,2005-Q4,89.84999999999984,18.188259109311737
2005-11-01,2005-Q4,90.04999999999984,18.22874493927125
2005-11-02,2005-Q4,90.19999999999983,18.25910931174089
2005-11-03,2005-Q4,90.19999999999983,18.25910931174089
2005-11-04,2005-Q4,90.19999999999983,18.25910931174089
2005-11-07,2005-Q4,92.14999999999984,18.65384615384616
2005-11-08,2005-Q4,92.59999999999982,18.74493927125506
2005-11-09,2005-Q4,91.64999999999982,18.552631578947366
2005-11-10,2005-Q4,93.19999999999982,18.866396761133604
2005-11-11,2005-Q4,94.74999999999983,19.18016194331984
2005-11-14,2005-Q4,94.84999999999982,19.200404858299592
2005-11-15,2005-Q4,94.84999999999982,19.200404858299592
2005-11-16,2005-Q4,95.14999999999982,19.261133603238864
2005-11-17,2005-Q4,96.4999999999998,19.534412955465587
2005-11-18,2005-Q4,95.9499999999998,19.423076923076923
2005-11-21,2005-Q4,93.89999999999982,19.008097165991902
2005-11-22,2005-Q4,91.24999999999983,18.47165991902834
2005-11-23,2005-Q4,91.94999999999982,18.61336032388664
2005-11-24,2005-Q4,92.69999999999982,18.765182186234817
2005-11-25,2005-Q4,94.49999999999982,19.129554655870443
2005-11-26,2005-Q4,96.4999999999998,19.534412955465587
2005-11-28,2005-Q4,97.1499999999998,19.66599190283401
2005-11-29,2005-Q4,95.49999999999982,19.331983805668013
2005-11-30,2005-Q4,95.3999999999998,19.31174089068826
2005-12-01,2005-Q4,95.9499999999998,20.81344902386117
2005-12-02,2005-Q4,99.3499999999998,21.55097613882863
2005-12-05,2005-Q4,102.0499999999998,22.136659436008674
2005-12-06,2005-Q4,100.1999999999998,21.735357917570497
2005-12-07,2005-Q4,99.6999999999998,21.626898047722342
2005-12-08,2005-Q4,101.7499999999998,22.071583514099785
2005-12-09,2005-Q4,103.7999999999998,22.51626898047722
2005-12-12,2005-Q4,102.0499999999998,22.136659436008674
2005-12-13,2005-Q4,102.84999999999978,22.310195227765725
2005-12-14,2005-Q4,102.09999999999978,22.14750542299349
2005-12-15,2005-Q4,100.24999999999979,21.746203904555312
2005-12-16,2005-Q4,101.89999999999979,22.104121475054228
2005-12-19,2005-Q4,102.99999999999979,22.34273318872017
2005-12-20,2005-Q4,101.24999999999979,21.963123644251624
2005-12-21,2005-Q4,100.44999999999979,21.789587852494577
2005-12-22,2005-Q4,100.79999999999978,21.865509761388285
2005-12-23,2005-Q4,100.79999999999978,21.865509761388285
2005-12-26,2005-Q4,100.04999999999978,21.70281995661605
2005-12-27,2005-Q4,101.39999999999979,21.99566160520608
2005-12-28,2005-Q4,100.59999999999978,21.82212581344902
2005-12-29,2005-Q4,106.29999999999977,23.058568329718003
2005-12-30,2005-Q4,107.04999999999976,23.221258134490235
2006-01-02,2006-Q1,125.39999999999972,27.20173535791757
2006-01-03,2006-Q1,125.19999999999972,27.158351409978305
2006-01-04,2006-Q1,123.94999999999973,26.88720173535792
2006-01-05,2006-Q1,124.09999999999972,26.91973969631236
2006-01-06,2006-Q1,123.24999999999973,26.735357917570497
2006-01-09,2006-Q1,126.34999999999974,27.407809110629064
2006-01-10,2006-Q1,125.44999999999975,27.212581344902382
2006-01-11,2006-Q1,125.44999999999975,27.212581344902382
2006-01-12,2006-Q1,126.24999999999974,27.38611713665944
2006-01-13,2006-Q1,125.34999999999975,27.19088937093275
2006-01-16,2006-Q1,122.84999999999977,26.64859002169197
2006-01-17,2006-Q1,118.29999999999977,25.66160520607375
2006-01-18,2006-Q1,117.24999999999979,25.433839479392624
2006-01-19,2006-Q1,121.29999999999977,26.312364425162688
2006-01-20,2006-Q1,121.34999999999975,26.323210412147503
2006-01-23,2006-Q1,119.19999999999976,25.85683297180044
2006-01-24,2006-Q1,122.79999999999977,26.63774403470716
2006-01-25,2006-Q1,120.24999999999977,26.08459869848156
2006-01-26,2006-Q1,120.24999999999977,26.08459869848156
2006-01-27,2006-Q1,123.49999999999976,26.789587852494574
2006-01-30,2006-Q1,121.09999999999977,26.268980477223423
2006-01-31,2006-Q1,121.19999999999978,26.290672451193057
2006-02-01,2006-Q1,118.09999999999978,25.618221258134486
2006-02-02,2006-Q1,116.79999999999978,25.33622559652928
2006-02-03,2006-Q1,120.49999999999977,26.13882863340564
2006-02-06,2006-Q1,124.54999999999976,27.0173535791757
2006-02-07,2006-Q1,131.74999999999972,28.57917570498915
2006-02-08,2006-Q1,132.74999999999972,28.796095444685463
2006-02-09,2006-Q1,132.74999999999972,28.796095444685463
2006-02-10,2006-Q1,132.89999999999972,28.82863340563992
2006-02-13,2006-Q1,134.6999999999997,29.21908893709327
2006-02-14,2006-Q1,130.04999999999973,28.210412147505423
2006-02-15,2006-Q1,127.59999999999972,27.678958785249456
2006-02-16,2006-Q1,130.39999999999972,28.28633405639913
2006-02-17,2006-Q1,126.74999999999972,27.49457700650759
2006-02-20,2006-Q1,126.54999999999971,27.45119305856833
2006-02-21,2006-Q1,128.6999999999997,27.9175704989154
2006-02-22,2006-Q1,128.84999999999968,27.950108459869845
2006-02-23,2006-Q1,130.34999999999968,28.275488069414312
2006-02-24,2006-Q1,135.44999999999968,29.381778741865507
2006-02-27,2006-Q1,134.6999999999997,29.21908893709327
2006-02-28,2006-Q1,127.44999999999973,27.64642082429501
2006-03-01,2006-Q1,124.54999999999973,19.55259026687598
2006-03-02,2006-Q1,120.84999999999974,18.97174254317112
2006-03-03,2006-Q1,120.19999999999975,18.869701726844585
2006-03-06,2006-Q1,120.79999999999974,18.963893249607533
2006-03-07,2006-Q1,120.94999999999973,18.987441130298272
2006-03-08,2006-Q1,118.49999999999974,18.60282574568289
2006-03-09,2006-Q1,117.74999999999974,18.4850863422292
2006-03-10,2006-Q1,124.34999999999972,19.52119309262166
2006-03-13,2006-Q1,122.34999999999972,19.20722135007849
2006-03-14,2006-Q1,120.79999999999973,18.963893249607533
2006-03-15,2006-Q1,120.79999999999973,18.963893249607533
2006-03-16,2006-Q1,120.39999999999974,18.9010989010989
2006-03-17,2006-Q1,119.19999999999973,18.712715855573
2006-03-20,2006-Q1,118.99999999999973,18.68131868131868
2006-03-21,2006-Q1,118.94999999999975,18.6734693877551
2006-03-22,2006-Q1,116.84999999999974,18.34379905808477
2006-03-23,2006-Q1,114.94999999999975,18.04552590266876
2006-03-24,2006-Q1,114.99999999999974,18.05337519623233
2006-03-27,2006-Q1,115.09999999999974,18.069073783359496
2006-03-28,2006-Q1,113.29999999999976,17.78649921507064
2006-03-29,2006-Q1,111.59999999999975,17.51962323390895
2006-03-30,2006-Q1,115.09999999999974,18.069073783359496
2006-03-31,2006-Q1,115.34999999999975,18.1083202511774
2006-04-03,2006-Q2,119.84999999999975,18.814756671899527
2006-04-04,2006-Q2,121.94999999999975,19.14442700156986
2006-04-05,2006-Q2,123.44999999999976,19.37990580847724
2006-04-06,2006-Q2,123.44999999999976,19.37990580847724
2006-04-07,2006-Q2,120.99999999999976,18.995290423861853
2006-04-10,2006-Q2,123.54999999999976,19.3956043956044
2006-04-11,2006-Q2,123.54999999999976,19.3956043956044
2006-04-12,2006-Q2,120.44999999999978,18.90894819466248
2006-04-13,2006-Q2,117.39999999999979,18.430141287284144
2006-04-14,2006-Q2,117.39999999999979,18.430141287284144
2006-04-17,2006-Q2,119.19999999999976,18.712715855573
2006-04-18,2006-Q2,128.49999999999974,20.172684458398745
2006-04-19,2006-Q2,125.09999999999975,19.638932496075352
2006-04-20,2006-Q2,126.04999999999976,19.78806907378336
2006-04-21,2006-Q2,125.29999999999976,19.670329670329668
2006-04-24,2006-Q2,126.24999999999976,19.81946624803768
2006-04-25,2006-Q2,120.29999999999977,18.885400313971743
2006-04-26,2006-Q2,123.04999999999976,19.3171114599686
2006-04-27,2006-Q2,119.09999999999975,18.69701726844584
2006-04-28,2006-Q2,124.64999999999974,19.56828885400314
2006-04-29,2006-Q2,124.74999999999974,19.583987441130297
2006-05-01,2006-Q2,124.74999999999974,19.583987441130297
2006-05-02,2006-Q2,130.24999999999974,20.44740973312402
2006-05-03,2006-Q2,131.54999999999973,20.65149136577708
2006-05-04,2006-Q2,128.1999999999997,20.125588697017267
2006-05-05,2006-Q2,128.84999999999974,20.2276295133438
2006-05-08,2006-Q2,139.54999999999976,21.907378335949765
2006-05-09,2006-Q2,138.94999999999973,21.81318681318681
2006-05-10,2006-Q2,141.39999999999978,22.1978021978022
2006-05-11,2006-Q2,140.14999999999978,22.00156985871272
2006-05-12,2006-Q2,138.4499999999998,21.734693877551017
2006-05-15,2006-Q2,129.1499999999998,20.27472527472528
2006-05-16,2006-Q2,126.5999999999998,19.87441130298273
2006-05-17,2006-Q2,133.9499999999998,21.02825745682888
2006-05-18,2006-Q2,116.09999999999984,18.226059654631083
2006-05-19,2006-Q2,109.24999999999984,17.150706436420723
2006-05-22,2006-Q2,102.74999999999984,16.130298273155415
2006-05-23,2006-Q2,108.69999999999985,17.06436420722135
2006-05-24,2006-Q2,108.84999999999984,17.087912087912088
2006-05-25,2006-Q2,116.54999999999981,18.296703296703296
2006-05-26,2006-Q2,120.9999999999998,18.995290423861853
2006-05-29,2006-Q2,118.6999999999998,18.634222919937205
2006-05-30,2006-Q2,118.9499999999998,18.6734693877551
2006-05-31,2006-Q2,113.8999999999998,17.880690737833596
2006-06-01,2006-Q2,108.5499999999998,33.81619937694704
2006-06-02,2006-Q2,109.4999999999998,34.11214953271028
2006-06-05,2006-Q2,105.59999999999981,32.89719626168224
2006-06-06,2006-Q2,104.79999999999981,32.64797507788162
2006-06-07,2006-Q2,96.29999999999983,30.0
2006-06-08,2006-Q2,85.74999999999984,26.713395638629283
2006-06-09,2006-Q2,92.29999999999981,28.753894080996883
2006-06-12,2006-Q2,86.79999999999981,27.0404984423676
2006-06-13,2006-Q2,80.99999999999983,25.233644859813083
2006-06-14,2006-Q2,79.59999999999984,24.797507788162
2006-06-15,2006-Q2,86.54999999999983,26.962616822429904
2006-06-16,2006-Q2,89.69999999999983,27.943925233644865
2006-06-19,2006-Q2,93.09999999999981,29.003115264797508
2006-06-20,2006-Q2,91.99999999999983,28.66043613707165
2006-06-21,2006-Q2,93.44999999999982,29.11214953271028
2006-06-22,2006-Q2,93.94999999999983,29.26791277258567
2006-06-23,2006-Q2,94.09999999999982,29.31464174454829
2006-06-25,2006-Q2,94.69999999999983,29.50155763239876
2006-06-26,2006-Q2,93.69999999999983,29.19003115264797
2006-06-27,2006-Q2,93.14999999999984,29.01869158878505
2006-06-28,2006-Q2,92.14999999999984,28.70716510903427
2006-06-29,2006-Q2,91.94999999999983,28.64485981308412
2006-06-30,2006-Q2,96.29999999999983,30.0
2006-07-03,2006-Q3,97.39999999999982,30.34267912772586
2006-07-04,2006-Q3,97.44999999999983,30.3582554517134
2006-07-05,2006-Q3,97.94999999999982,30.514018691588785
2006-07-06,2006-Q3,100.64999999999982,31.35514018691589
2006-07-07,2006-Q3,95.29999999999983,29.68847352024922
2006-07-10,2006-Q3,94.99999999999983,29.595015576323988
2006-07-11,2006-Q3,94.34999999999984,29.39252336448598
2006-07-12,2006-Q3,97.14999999999984,30.264797507788163
2006-07-13,2006-Q3,94.84999999999984,29.54828660436137
2006-07-14,2006-Q3,94.84999999999984,29.54828660436137
2006-07-17,2006-Q3,89.74999999999984,27.9595015576324
2006-07-18,2006-Q3,88.29999999999984,27.50778816199377
2006-07-19,2006-Q3,86.14999999999985,26.8380062305296
2006-07-20,2006-Q3,86.79999999999983,27.0404984423676
2006-07-21,2006-Q3,83.94999999999985,26.152647975077883
2006-07-24,2006-Q3,83.49999999999986,26.01246105919003
2006-07-25,2006-Q3,87.79999999999984,27.35202492211837
2006-07-26,2006-Q3,89.44999999999986,27.866043613707166
2006-07-27,2006-Q3,89.64999999999986,27.928348909657323
2006-07-28,2006-Q3,91.79999999999986,28.59813084112149
2006-07-31,2006-Q3,91.64999999999986,28.55140186915888
2006-08-01,2006-Q3,94.59999999999982,29.47040498442368
2006-08-02,2006-Q3,95.09999999999982,29.626168224299064
2006-08-03,2006-Q3,94.64999999999984,29.48598130841121
2006-08-04,2006-Q3,92.84999999999982,28.92523364485981
2006-08-07,2006-Q3,95.29999999999983,29.68847352024922
2006-08-08,2006-Q3,95.34999999999981,29.70404984423676
2006-08-09,2006-Q3,96.2999999999998,30.0
2006-08-10,2006-Q3,97.4499999999998,30.3582554517134
2006-08-11,2006-Q3,99.84999999999978,31.105919003115265
2006-08-14,2006-Q3,101.84999999999978,31.72897196261682
2006-08-15,2006-Q3,101.84999999999978,31.72897196261682
2006-08-16,2006-Q3,97.3499999999998,30.32710280373832
2006-08-17,2006-Q3,95.29999999999981,29.68847352024922
2006-08-18,2006-Q3,94.5499999999998,29.45482866043613
2006-08-21,2006-Q3,101.0499999999998,31.4797507788162
2006-08-22,2006-Q3,99.2999999999998,30.93457943925233
2006-08-23,2006-Q3,98.4499999999998,30.669781931464176
2006-08-24,2006-Q3,99.89999999999982,31.121495327102807
2006-08-25,2006-Q3,98.64999999999982,30.732087227414333
2006-08-28,2006-Q3,99.04999999999981,30.85669781931464
2006-08-29,2006-Q3,98.99999999999983,30.841121495327105
2006-08-30,2006-Q3,98.09999999999981,30.5607476635514
2006-08-31,2006-Q3,97.64999999999984,30.420560747663554
2006-09-01,2006-Q3,101.09999999999981,20.01980198019801
2006-09-04,2006-Q3,103.5499999999998,20.504950495049503
2006-09-05,2006-Q3,103.64999999999982,20.524752475247528
2006-09-06,2006-Q3,104.4999999999998,20.69306930693069
2006-09-07,2006-Q3,102.7999999999998,20.35643564356436
2006-09-08,2006-Q3,109.44999999999979,21.67326732673268
2006-09-11,2006-Q3,100.7499999999998,19.95049504950495
2006-09-12,2006-Q3,103.49999999999977,20.495049504950497
2006-09-13,2006-Q3,105.24999999999977,20.84158415841584
2006-09-14,2006-Q3,104.89999999999978,20.77227722772277
2006-09-15,2006-Q3,103.69999999999978,20.534653465346537
2006-09-18,2006-Q3,106.24999999999976,21.03960396039604
2006-09-19,2006-Q3,103.89999999999976,20.574257425742577
2006-09-20,2006-Q3,104.89999999999976,20.77227722772277
2006-09-21,2006-Q3,105.34999999999975,20.86138613861386
2006-09-22,2006-Q3,105.29999999999976,20.85148514851485
2006-09-25,2006-Q3,104.44999999999976,20.683168316831683
2006-09-26,2006-Q3,104.34999999999977,20.66336633663366
2006-09-27,2006-Q3,104.04999999999976,20.603960396039604
2006-09-28,2006-Q3,104.49999999999976,20.69306930693069
2006-09-29,2006-Q3,106.24999999999976,21.03960396039604
2006-10-02,2006-Q4,106.24999999999976,21.03960396039604
2006-10-03,2006-Q4,106.09999999999975,21.00990099009901
2006-10-04,2006-Q4,104.29999999999976,20.65346534653465
2006-10-05,2006-Q4,105.94999999999976,20.980198019801986
2006-10-06,2006-Q4,112.19999999999973,22.21782178217822
2006-10-09,2006-Q4,112.34999999999974,22.247524752475247
2006-10-10,2006-Q4,111.44999999999975,22.06930693069307
2006-10-11,2006-Q4,108.69999999999975,21.524752475247524
2006-10-12,2006-Q4,110.24999999999974,21.831683168316832
2006-10-13,2006-Q4,109.29999999999974,21.643564356435643
2006-10-16,2006-Q4,109.89999999999976,21.76237623762377
2006-10-17,2006-Q4,108.14999999999976,21.41584158415841
2006-10-18,2006-Q4,108.29999999999977,21.445544554455445
2006-10-19,2006-Q4,106.44999999999978,21.07920792079208
2006-10-20,2006-Q4,104.19999999999979,20.633663366336634
2006-10-21,2006-Q4,103.14999999999979,20.425742574257427
2006-10-23,2006-Q4,105.69999999999979,20.930693069306933
2006-10-24,2006-Q4,105.69999999999979,20.930693069306933
2006-10-25,2006-Q4,105.69999999999979,20.930693069306933
2006-10-26,2006-Q4,104.94999999999979,20.782178217821784
2006-10-27,2006-Q4,105.94999999999978,20.980198019801986
2006-10-30,2006-Q4,104.99999999999977,20.7920792079208
2006-10-31,2006-Q4,103.14999999999978,20.425742574257427
2006-11-01,2006-Q4,103.19999999999978,20.43564356435644
2006-11-02,2006-Q4,102.49999999999977,20.2970297029703
2006-11-03,2006-Q4,100.44999999999978,19.891089108910894
2006-11-06,2006-Q4,100.89999999999978,19.980198019801986
2006-11-07,2006-Q4,103.09999999999974,20.41584158415841
2006-11-08,2006-Q4,101.84999999999975,20.168316831683168
2006-11-09,2006-Q4,101.79999999999976,20.15841584158416
2006-11-10,2006-Q4,101.99999999999976,20.1980198019802
2006-11-13,2006-Q4,102.64999999999976,20.32673267326733
2006-11-14,2006-Q4,102.44999999999976,20.28712871287129
2006-11-15,2006-Q4,103.04999999999976,20.405940594059405
2006-11-16,2006-Q4,101.24999999999976,20.04950495049505
2006-11-17,2006-Q4,99.49999999999976,19.702970297029704
2006-11-20,2006-Q4,97.09999999999975,19.22772277227723
2006-11-21,2006-Q4,98.29999999999976,19.465346534653467
2006-11-22,2006-Q4,97.39999999999978,19.28712871287129
2006-11-23,2006-Q4,99.19999999999976,19.643564356435643
2006-11-24,2006-Q4,100.04999999999976,19.81188118811881
2006-11-27,2006-Q4,100.99999999999976,20.0
2006-11-28,2006-Q4,100.94999999999976,19.99009900990099
2006-11-29,2006-Q4,101.39999999999976,20.07920792079208
2006-11-30,2006-Q4,99.74999999999977,19.75247524752476
2006-12-01,2006-Q4,100.34999999999977,28.188202247191008
2006-12-04,2006-Q4,103.24999999999976,29.002808988764045
2006-12-05,2006-Q4,105.39999999999975,29.60674157303371
2006-12-06,2006-Q4,103.94999999999976,29.19943820224719
2006-12-07,2006-Q4,104.84999999999975,29.452247191011235
2006-12-08,2006-Q4,101.34999999999977,28.469101123595504
2006-12-11,2006-Q4,97.89999999999979,27.5
2006-12-12,2006-Q4,92.9999999999998,26.123595505617978
2006-12-13,2006-Q4,94.5999999999998,26.573033707865168
2006-12-14,2006-Q4,96.4499999999998,27.092696629213485
2006-12-15,2006-Q4,98.7499999999998,27.73876404494382
2006-12-18,2006-Q4,100.74999999999982,28.30056179775281
2006-12-19,2006-Q4,98.99999999999982,27.808988764044944
2006-12-20,2006-Q4,96.84999999999981,27.20505617977528
2006-12-21,2006-Q4,96.89999999999982,27.219101123595507
2006-12-22,2006-Q4,99.74999999999982,28.01966292134832
2006-12-25,2006-Q4,99.74999999999982,28.01966292134832
2006-12-26,2006-Q4,99.34999999999981,27.907303370786515
2006-12-27,2006-Q4,101.0999999999998,28.39887640449438
2006-12-28,2006-Q4,100.4999999999998,28.230337078651687
2006-12-29,2006-Q4,101.6499999999998,28.55337078651685
2007-01-01,2007-Q1,101.6499999999998,28.55337078651685
2007-01-02,2007-Q1,102.14999999999979,28.6938202247191
2007-01-03,2007-Q1,102.69999999999978,28.84831460674157
2007-01-04,2007-Q1,107.29999999999977,30.140449438202246
2007-01-05,2007-Q1,106.09999999999977,29.80337078651685
2007-01-08,2007-Q1,105.69999999999978,29.691011235955056
2007-01-09,2007-Q1,104.99999999999977,29.49438202247191
2007-01-10,2007-Q1,102.89999999999978,28.90449438202248
2007-01-11,2007-Q1,105.89999999999979,29.747191011235955
2007-01-12,2007-Q1,107.64999999999979,30.23876404494382
2007-01-15,2007-Q1,108.59999999999978,30.50561797752809
2007-01-16,2007-Q1,109.04999999999978,30.632022471910112
2007-01-17,2007-Q1,110.34999999999977,30.99719101123595
2007-01-18,2007-Q1,108.69999999999979,30.53370786516854
2007-01-19,2007-Q1,108.74999999999979,30.547752808988765
2007-01-22,2007-Q1,104.5999999999998,29.382022471910112
2007-01-23,2007-Q1,103.2499999999998,29.002808988764045
2007-01-24,2007-Q1,103.49999999999979,29.073033707865168
2007-01-25,2007-Q1,104.2999999999998,29.29775280898876
2007-01-26,2007-Q1,104.2999999999998,29.29775280898876
2007-01-29,2007-Q1,109.1999999999998,30.674157303370787
2007-01-30,2007-Q1,109.1999999999998,30.674157303370787
2007-01-31,2007-Q1,107.2499999999998,30.126404494382022
2007-02-01,2007-Q1,109.14999999999979,30.660112359550563
2007-02-02,2007-Q1,108.99999999999979,30.617977528089888
2007-02-05,2007-Q1,109.99999999999979,30.89887640449438
2007-02-06,2007-Q1,110.89999999999979,31.15168539325843
2007-02-07,2007-Q1,110.0499999999998,30.912921348314605
2007-02-08,2007-Q1,108.5999999999998,30.50561797752809
2007-02-09,2007-Q1,105.6499999999998,29.676966292134832
2007-02-12,2007-Q1,102.09999999999981,28.67977528089888
2007-02-13,2007-Q1,100.6499999999998,28.27247191011236
2007-02-14,2007-Q1,101.4999999999998,28.51123595505618
2007-02-15,2007-Q1,104.24999999999977,29.283707865168537
2007-02-16,2007-Q1,104.24999999999977,29.283707865168537
2007-02-19,2007-Q1,105.29999999999977,29.578651685393258
2007-02-20,2007-Q1,103.14999999999978,28.9747191011236
2007-02-21,2007-Q1,103.79999999999977,29.157303370786515
2007-02-22,2007-Q1,104.94999999999978,29.480337078651687
2007-02-23,2007-Q1,104.79999999999977,29.43820224719101
2007-02-26,2007-Q1,104.74999999999977,29.424157303370787
2007-02-27,2007-Q1,105.94999999999976,29.76123595505618
2007-02-28,2007-Q1,101.14999999999976,28.412921348314608
2007-03-01,2007-Q1,100.04999999999977,13.857340720221607
2007-03-02,2007-Q1,98.49999999999977,13.642659279778394
2007-03-05,2007-Q1,93.49999999999979,12.950138504155126
2007-03-06,2007-Q1,94.99999999999979,13.157894736842106
2007-03-07,2007-Q1,91.5499999999998,12.68005540166205
2007-03-08,2007-Q1,93.49999999999979,12.950138504155126
2007-03-09,2007-Q1,92.49999999999979,12.811634349030472
2007-03-12,2007-Q1,94.19999999999979,13.047091412742382
2007-03-13,2007-Q1,93.84999999999978,12.998614958448751
2007-03-14,2007-Q1,91.34999999999978,12.65235457063712
2007-03-15,2007-Q1,91.04999999999977,12.610803324099724
2007-03-16,2007-Q1,89.74999999999977,12.430747922437671
2007-03-19,2007-Q1,90.04999999999977,12.47229916897507
2007-03-20,2007-Q1,91.14999999999976,12.624653739612189
2007-03-21,2007-Q1,92.69999999999975,12.839335180055402
2007-03-22,2007-Q1,93.59999999999974,12.963988919667589
2007-03-23,2007-Q1,93.04999999999974,12.887811634349031
2007-03-26,2007-Q1,93.59999999999972,12.963988919667589
2007-03-27,2007-Q1,93.59999999999972,12.963988919667589
2007-03-28,2007-Q1,93.79999999999973,12.99168975069252
2007-03-29,2007-Q1,93.59999999999972,12.963988919667589
2007-03-30,2007-Q1,92.94999999999975,12.873961218836566
2007-04-02,2007-Q2,89.44999999999976,12.389196675900278
2007-04-03,2007-Q2,90.34999999999974,12.513850415512463
2007-04-04,2007-Q2,89.89999999999975,12.451523545706372
2007-04-05,2007-Q2,90.54999999999974,12.541551246537397
2007-04-06,2007-Q2,90.54999999999974,12.541551246537397
2007-04-09,2007-Q2,90.44999999999973,12.527700831024932
2007-04-10,2007-Q2,91.79999999999973,12.714681440443211
2007-04-11,2007-Q2,91.94999999999973,12.735457063711912
2007-04-12,2007-Q2,91.59999999999971,12.68698060941828
2007-04-13,2007-Q2,91.69999999999973,12.700831024930748
2007-04-16,2007-Q2,94.74999999999972,13.123268698060942
2007-04-17,2007-Q2,93.89999999999974,13.005540166204987
2007-04-18,2007-Q2,94.14999999999972,13.04016620498615
2007-04-19,2007-Q2,93.64999999999972,12.970914127423825
2007-04-20,2007-Q2,95.69999999999972,13.254847645429363
2007-04-23,2007-Q2,95.44999999999973,13.2202216066482
2007-04-24,2007-Q2,95.44999999999973,13.2202216066482
2007-04-25,2007-Q2,98.34999999999972,13.621883656509697
2007-04-26,2007-Q2,99.49999999999972,13.781163434903048
2007-04-27,2007-Q2,98.29999999999971,13.614958448753464
2007-04-30,2007-Q2,99.14999999999972,13.73268698060942
2007-05-01,2007-Q2,99.14999999999972,13.73268698060942
2007-05-02,2007-Q2,99.14999999999972,13.73268698060942
2007-05-03,2007-Q2,100.39999999999971,13.905817174515237
2007-05-04,2007-Q2,101.2999999999997,14.030470914127424
2007-05-07,2007-Q2,102.9999999999997,14.265927977839336
2007-05-08,2007-Q2,101.39999999999971,14.04432132963989
2007-05-09,2007-Q2,102.24999999999972,14.162049861495843
2007-05-10,2007-Q2,101.2999999999997,14.030470914127424
2007-05-11,2007-Q2,101.24999999999972,14.023545706371191
2007-05-14,2007-Q2,103.6999999999997,14.362880886426591
2007-05-15,2007-Q2,106.79999999999968,14.79224376731302
2007-05-16,2007-Q2,105.5499999999997,14.619113573407205
2007-05-17,2007-Q2,104.89999999999971,14.52908587257618
2007-05-18,2007-Q2,103.7499999999997,14.369806094182826
2007-05-21,2007-Q2,103.99999999999972,14.40443213296399
2007-05-22,2007-Q2,107.5499999999997,14.89612188365651
2007-05-23,2007-Q2,104.5999999999997,14.48753462603878
2007-05-24,2007-Q2,103.34999999999971,14.314404432132964
2007-05-25,2007-Q2,104.04999999999971,14.411357340720222
2007-05-28,2007-Q2,105.54999999999971,14.619113573407205
2007-05-29,2007-Q2,105.64999999999971,14.632963988919668
2007-05-30,2007-Q2,106.9999999999997,14.819944598337951
2007-05-31,2007-Q2,106.84999999999971,14.799168975069252
2007-06-01,2007-Q2,111.8499999999997,22.920081967213115
2007-06-04,2007-Q2,111.9499999999997,22.94057377049181
2007-06-05,2007-Q2,112.14999999999972,22.98155737704918
2007-06-06,2007-Q2,108.79999999999971,22.295081967213115
2007-06-07,2007-Q2,107.19999999999972,21.9672131147541
2007-06-08,2007-Q2,106.24999999999972,21.77254098360656
2007-06-11,2007-Q2,104.89999999999972,21.495901639344265
2007-06-12,2007-Q2,103.49999999999972,21.209016393442624
2007-06-13,2007-Q2,106.29999999999971,21.7827868852459
2007-06-14,2007-Q2,106.49999999999973,21.82377049180328
2007-06-15,2007-Q2,105.59999999999971,21.639344262295083
2007-06-18,2007-Q2,104.54999999999973,21.424180327868854
2007-06-19,2007-Q2,105.84999999999972,21.6905737704918
2007-06-20,2007-Q2,105.34999999999974,21.58811475409836
2007-06-21,2007-Q2,105.04999999999973,21.526639344262296
2007-06-22,2007-Q2,105.94999999999973,21.71106557377049
2007-06-25,2007-Q2,106.59999999999972,21.84426229508197
2007-06-26,2007-Q2,106.84999999999972,21.895491803278688
2007-06-27,2007-Q2,107.09999999999974,21.946721311475407
2007-06-28,2007-Q2,106.99999999999973,21.926229508196723
2007-06-29,2007-Q2,112.79999999999971,23.114754098360656
2007-07-02,2007-Q3,111.89999999999974,22.930327868852466
2007-07-03,2007-Q3,111.89999999999974,22.930327868852466
2007-07-04,2007-Q3,110.59999999999972,22.663934426229503
2007-07-05,2007-Q3,109.74999999999973,22.489754098360656
2007-07-06,2007-Q3,111.34999999999972,22.817622950819672
2007-07-09,2007-Q3,112.84999999999972,23.125
2007-07-10,2007-Q3,112.59999999999972,23.07377049180328
2007-07-11,2007-Q3,119.29999999999971,24.44672131147541
2007-07-12,2007-Q3,124.8999999999997,25.59426229508197
2007-07-13,2007-Q3,125.29999999999968,25.67622950819672
2007-07-16,2007-Q3,129.59999999999968,26.557377049180328
2007-07-17,2007-Q3,137.29999999999967,28.135245901639347
2007-07-18,2007-Q3,135.19999999999965,27.70491803278688
2007-07-19,2007-Q3,135.6499999999997,27.797131147540984
2007-07-20,2007-Q3,131.6499999999997,26.977459016393443
2007-07-23,2007-Q3,129.9999999999997,26.639344262295083
2007-07-24,2007-Q3,130.2499999999997,26.6905737704918
2007-07-25,2007-Q3,132.64999999999966,27.182377049180328
2007-07-26,2007-Q3,139.84999999999965,28.6577868852459
2007-07-27,2007-Q3,132.84999999999968,27.223360655737704
2007-07-30,2007-Q3,136.34999999999968,27.9405737704918
2007-07-31,2007-Q3,136.3999999999997,27.95081967213115
2007-08-01,2007-Q3,127.99999999999972,26.229508196721312
2007-08-02,2007-Q3,128.89999999999972,26.41393442622951
2007-08-03,2007-Q3,131.04999999999973,26.85450819672132
2007-08-06,2007-Q3,129.24999999999972,26.48565573770492
2007-08-07,2007-Q3,129.54999999999973,26.547131147540988
2007-08-08,2007-Q3,132.5999999999997,27.172131147540984
2007-08-09,2007-Q3,129.54999999999973,26.547131147540988
2007-08-10,2007-Q3,126.54999999999971,25.932377049180328
2007-08-13,2007-Q3,128.14999999999972,26.260245901639347
2007-08-14,2007-Q3,124.69999999999973,25.5532786885246
2007-08-15,2007-Q3,124.69999999999973,25.5532786885246
2007-08-16,2007-Q3,119.04999999999974,24.395491803278688
2007-08-17,2007-Q3,118.89999999999976,24.364754098360656
2007-08-20,2007-Q3,135.64999999999975,27.797131147540984
2007-08-21,2007-Q3,121.49999999999977,24.89754098360656
2007-08-22,2007-Q3,126.79999999999976,25.983606557377048
2007-08-23,2007-Q3,121.09999999999977,24.8155737704918
2007-08-24,2007-Q3,121.79999999999977,24.959016393442624
2007-08-27,2007-Q3,124.64999999999976,25.54303278688525
2007-08-28,2007-Q3,123.69999999999978,25.348360655737707
2007-08-29,2007-Q3,123.94999999999979,25.399590163934427
2007-08-30,2007-Q3,123.04999999999978,25.21516393442623
2007-08-31,2007-Q3,129.39999999999975,26.516393442622952
2007-09-03,2007-Q3,128.94999999999973,26.42418032786885
2007-09-04,2007-Q3,130.3499999999997,26.71106557377049
2007-09-05,2007-Q3,135.29999999999973,27.725409836065577
2007-09-06,2007-Q3,138.49999999999972,28.38114754098361
2007-09-07,2007-Q3,137.24999999999972,28.125
2007-09-10,2007-Q3,139.79999999999973,28.64754098360656
2007-09-11,2007-Q3,137.7499999999997,28.227459016393443
2007-09-12,2007-Q3,144.2499999999997,29.5594262295082
2007-09-13,2007-Q3,142.04999999999967,29.10860655737705
2007-09-14,2007-Q3,137.09999999999965,28.09426229508197
2007-09-17,2007-Q3,137.29999999999967,28.135245901639347
2007-09-18,2007-Q3,140.94999999999962,28.883196721311474
2007-09-19,2007-Q3,141.69999999999965,29.03688524590164
2007-09-20,2007-Q3,142.84999999999962,29.27254098360656
2007-09-21,2007-Q3,145.89999999999964,29.89754098360656
2007-09-24,2007-Q3,146.44999999999962,30.010245901639344
2007-09-25,2007-Q3,150.8999999999996,30.922131147540984
2007-09-26,2007-Q3,150.19999999999962,30.77868852459016
2007-09-27,2007-Q3,152.2999999999996,31.209016393442624
2007-09-28,2007-Q3,158.3999999999996,32.459016393442624
2007-10-01,2007-Q4,156.6499999999996,32.10040983606557
2007-10-02,2007-Q4,156.6499999999996,32.10040983606557
2007-10-03,2007-Q4,154.99999999999957,31.762295081967213
2007-10-04,2007-Q4,160.74999999999957,32.9405737704918
2007-10-05,2007-Q4,158.7999999999996,32.54098360655738
2007-10-08,2007-Q4,148.3499999999996,30.399590163934427
2007-10-09,2007-Q4,152.49999999999957,31.25
2007-10-10,2007-Q4,152.99999999999955,31.352459016393443
2007-10-11,2007-Q4,157.04999999999956,32.18237704918033
2007-10-12,2007-Q4,150.94999999999956,30.932377049180324
2007-10-15,2007-Q4,155.49999999999957,31.864754098360656
2007-10-16,2007-Q4,153.1499999999996,31.38319672131148
2007-10-17,2007-Q4,145.5499999999996,29.82581967213115
2007-10-18,2007-Q4,140.24999999999963,28.739754098360656
2007-10-19,2007-Q4,132.84999999999962,27.223360655737704
2007-10-22,2007-Q4,141.8999999999996,29.07786885245902
2007-10-23,2007-Q4,153.94999999999953,31.54713114754098
2007-10-24,2007-Q4,156.04999999999959,31.977459016393446
2007-10-25,2007-Q4,155.64999999999958,31.89549180327869
2007-10-26,2007-Q4,156.49999999999955,32.06967213114754
2007-10-29,2007-Q4,156.74999999999955,32.12090163934426
2007-10-30,2007-Q4,164.94999999999953,33.80122950819672
2007-10-31,2007-Q4,165.49999999999955,33.91393442622951
2007-11-01,2007-Q4,155.2999999999996,31.82377049180328
2007-11-02,2007-Q4,156.99999999999957,32.17213114754099
2007-11-05,2007-Q4,156.49999999999957,32.06967213114754
2007-11-06,2007-Q4,159.3499999999996,32.653688524590166
2007-11-07,2007-Q4,157.94999999999956,32.36680327868852
2007-11-08,2007-Q4,155.39999999999958,31.84426229508197
2007-11-09,2007-Q4,156.14999999999958,31.99795081967213
2007-11-12,2007-Q4,153.84999999999957,31.526639344262296
2007-11-13,2007-Q4,161.64999999999955,33.125
2007-11-14,2007-Q4,168.7499999999995,34.579918032786885
2007-11-15,2007-Q4,175.1499999999995,35.89139344262296
2007-11-16,2007-Q4,189.99999999999946,38.9344262295082
2007-11-19,2007-Q4,191.09999999999945,39.15983606557377
2007-11-20,2007-Q4,194.24999999999946,39.80532786885246
2007-11-21,2007-Q4,173.9999999999995,35.65573770491803
2007-11-22,2007-Q4,166.8499999999995,34.1905737704918
2007-11-23,2007-Q4,168.4499999999995,34.518442622950815
2007-11-26,2007-Q4,172.0999999999995,35.26639344262295
2007-11-27,2007-Q4,172.8499999999995,35.420081967213115
2007-11-28,2007-Q4,170.0999999999995,34.85655737704918
2007-11-29,2007-Q4,165.84999999999954,33.98565573770492
2007-11-30,2007-Q4,170.1999999999995,34.877049180327866
2007-12-03,2007-Q4,181.29999999999947,37.1516393442623
2007-12-04,2007-Q4,182.24999999999943,37.34631147540984
2007-12-05,2007-Q4,182.69999999999945,37.43852459016393
2007-12-06,2007-Q4,187.19999999999945,38.36065573770492
2007-12-07,2007-Q4,185.59999999999945,38.03278688524591
2007-12-10,2007-Q4,189.24999999999946,38.78073770491803
2007-12-11,2007-Q4,190.09999999999948,38.954918032786885
2007-12-12,2007-Q4,190.99999999999946,39.13934426229508
2007-12-13,2007-Q4,187.44999999999948,38.41188524590164
2007-12-14,2007-Q4,198.04999999999947,40.584016393442624
2007-12-17,2007-Q4,188.84999999999945,38.69877049180328
2007-12-18,2007-Q4,186.44999999999948,38.20696721311475
2007-12-19,2007-Q4,183.84999999999945,37.67418032786885
2007-12-20,2007-Q4,192.24999999999943,39.39549180327869
2007-12-21,2007-Q4,192.24999999999943,39.39549180327869
2007-12-24,2007-Q4,210.34999999999934,43.10450819672131
2007-12-25,2007-Q4,210.34999999999934,43.10450819672131
2007-12-26,2007-Q4,222.5499999999993,45.60450819672131
2007-12-27,2007-Q4,216.09999999999934,44.28278688524591
2007-12-28,2007-Q4,214.5999999999993,43.97540983606557
2007-12-31,2007-Q4,212.4499999999993,43.53483606557377
2008-01-01,2008-Q1,218.8499999999993,44.84631147540984
2008-01-02,2008-Q1,221.89999999999932,45.47131147540984
2008-01-03,2008-Q1,221.84999999999928,45.46106557377049
2008-01-04,2008-Q1,220.7999999999993,45.24590163934427
2008-01-07,2008-Q1,218.09999999999928,44.69262295081967
2008-01-08,2008-Q1,211.9499999999993,43.43237704918032
2008-01-09,2008-Q1,211.14999999999932,43.26844262295082
2008-01-10,2008-Q1,208.69999999999933,42.76639344262295
2008-01-11,2008-Q1,205.59999999999934,42.131147540983605
2008-01-14,2008-Q1,219.4999999999993,44.97950819672131
2008-01-15,2008-Q1,213.54999999999933,43.76024590163935
2008-01-16,2008-Q1,214.94999999999928,44.04713114754098
2008-01-17,2008-Q1,215.6999999999993,44.200819672131146
2008-01-18,2008-Q1,199.24999999999937,40.829918032786885
2008-01-21,2008-Q1,182.4999999999994,37.39754098360656
2008-01-22,2008-Q1,180.99999999999943,37.09016393442623
2008-01-23,2008-Q1,190.7499999999994,39.08811475409836
2008-01-24,2008-Q1,169.54999999999947,34.743852459016395
2008-01-25,2008-Q1,181.59999999999943,37.21311475409836
2008-01-28,2008-Q1,178.09999999999945,36.49590163934426
2008-01-29,2008-Q1,186.04999999999944,38.125
2008-01-30,2008-Q1,190.9499999999994,39.12909836065574
2008-01-31,2008-Q1,189.8499999999994,38.903688524590166
2008-02-01,2008-Q1,186.9999999999994,38.31967213114754
2008-02-04,2008-Q1,195.24999999999937,40.010245901639344
2008-02-05,2008-Q1,202.54999999999936,41.50614754098361
2008-02-06,2008-Q1,204.89999999999932,41.98770491803279
2008-02-07,2008-Q1,191.7999999999994,39.30327868852459
2008-02-08,2008-Q1,184.6999999999994,37.8483606557377
2008-02-11,2008-Q1,175.99999999999943,36.0655737704918
2008-02-12,2008-Q1,166.19999999999945,34.057377049180324
2008-02-13,2008-Q1,163.69999999999948,33.545081967213115
2008-02-14,2008-Q1,178.74999999999943,36.62909836065574
2008-02-15,2008-Q1,179.89999999999944,36.864754098360656
2008-02-18,2008-Q1,185.8499999999994,38.084016393442624
2008-02-19,2008-Q1,179.44999999999942,36.77254098360656
2008-02-20,2008-Q1,175.94999999999942,36.05532786885246
2008-02-21,2008-Q1,176.4499999999994,36.1577868852459
2008-02-22,2008-Q1,175.7499999999994,36.01434426229508
2008-02-25,2008-Q1,182.7999999999994,37.459016393442624
2008-02-26,2008-Q1,189.74999999999937,38.88319672131148
2008-02-27,2008-Q1,190.14999999999938,38.96516393442623
2008-02-28,2008-Q1,192.34999999999937,39.415983606557376
2008-02-29,2008-Q1,182.14999999999944,37.325819672131146
2008-03-03,2008-Q1,172.89999999999947,35.43032786885246
2008-03-04,2008-Q1,164.59999999999945,33.72950819672131
2008-03-05,2008-Q1,165.0499999999995,33.821721311475414
2008-03-06,2008-Q1,165.0499999999995,33.821721311475414
2008-03-07,2008-Q1,161.59999999999948,33.114754098360656
2008-03-10,2008-Q1,156.39999999999952,32.049180327868854
2008-03-11,2008-Q1,166.69999999999948,34.15983606557377
2008-03-12,2008-Q1,162.74999999999952,33.35040983606557
2008-03-13,2008-Q1,148.24999999999955,30.37909836065574
2008-03-14,2008-Q1,150.04999999999953,30.74795081967213
2008-03-17,2008-Q1,138.04999999999956,28.28893442622951
2008-03-18,2008-Q1,133.79999999999959,27.41803278688525
2008-03-19,2008-Q1,129.1999999999996,26.475409836065573
2008-03-20,2008-Q1,129.1999999999996,26.475409836065573
2008-03-21,2008-Q1,129.1999999999996,26.475409836065573
2008-03-24,2008-Q1,123.84999999999961,25.37909836065573
2008-03-25,2008-Q1,131.1499999999996,26.875
2008-03-26,2008-Q1,131.0999999999996,26.864754098360656
2008-03-27,2008-Q1,131.8499999999996,27.01844262295082
2008-03-28,2008-Q1,137.2999999999996,28.135245901639347
2008-03-31,2008-Q1,134.9499999999996,27.65368852459016
2008-04-01,2008-Q2,135.5999999999996,27.78688524590164
2008-04-02,2008-Q2,135.0499999999996,27.674180327868854
2008-04-03,2008-Q2,133.9499999999996,27.44877049180328
2008-04-04,2008-Q2,130.8999999999996,26.82377049180328
2008-04-07,2008-Q2,135.5499999999996,27.776639344262296
2008-04-08,2008-Q2,140.7999999999996,28.852459016393446
2008-04-09,2008-Q2,137.9999999999996,28.27868852459017
2008-04-10,2008-Q2,137.9999999999996,28.27868852459017
2008-04-11,2008-Q2,140.3499999999996,28.760245901639344
2008-04-14,2008-Q2,140.3499999999996,28.760245901639344
2008-04-15,2008-Q2,140.94999999999956,28.883196721311474
2008-04-16,2008-Q2,145.99999999999955,29.918032786885245
2008-04-17,2008-Q2,155.44999999999953,31.85450819672131
2008-04-18,2008-Q2,155.44999999999953,31.85450819672131
2008-04-21,2008-Q2,161.9499999999995,33.18647540983606
2008-04-22,2008-Q2,162.64999999999952,33.329918032786885
2008-04-23,2008-Q2,159.04999999999953,32.5922131147541
2008-04-24,2008-Q2,152.94999999999953,31.34221311475409
2008-04-25,2008-Q2,163.39999999999952,33.48360655737705
2008-04-28,2008-Q2,164.84999999999948,33.78073770491803
2008-04-29,2008-Q2,163.04999999999953,33.411885245901644
2008-04-30,2008-Q2,162.84999999999948,33.37090163934426
2008-05-01,2008-Q2,162.84999999999948,33.37090163934426
2008-05-02,2008-Q2,162.7999999999995,33.360655737704924
2008-05-05,2008-Q2,165.39999999999947,33.89344262295082
2008-05-06,2008-Q2,165.79999999999947,33.97540983606558
2008-05-07,2008-Q2,163.09999999999945,33.42213114754098
2008-05-08,2008-Q2,160.8999999999995,32.97131147540984
2008-05-09,2008-Q2,153.74999999999952,31.50614754098361
2008-05-12,2008-Q2,160.3999999999995,32.868852459016395
2008-05-13,2008-Q2,157.19999999999948,32.21311475409836
2008-05-14,2008-Q2,159.69999999999948,32.72540983606557
2008-05-15,2008-Q2,165.69999999999948,33.954918032786885
2008-05-16,2008-Q2,173.69999999999945,35.59426229508197
2008-05-19,2008-Q2,173.69999999999945,35.59426229508197
2008-05-20,2008-Q2,171.94999999999945,35.23565573770492
2008-05-21,2008-Q2,168.14999999999947,34.45696721311476
2008-05-22,2008-Q2,161.2999999999995,33.05327868852459
2008-05-23,2008-Q2,154.34999999999948,31.62909836065574
2008-05-26,2008-Q2,146.44999999999953,30.010245901639344
2008-05-27,2008-Q2,146.49999999999955,30.020491803278688
2008-05-28,2008-Q2,158.94999999999948,32.57172131147541
2008-05-29,2008-Q2,153.3499999999995,31.424180327868854
2008-05-30,2008-Q2,152.9499999999995,31.34221311475409
2008-06-02,2008-Q2,146.9499999999995,30.112704918032787
2008-06-03,2008-Q2,146.1999999999995,29.95901639344262
2008-06-04,2008-Q2,139.24999999999952,28.53483606557377
2008-06-05,2008-Q2,139.74999999999952,28.637295081967213
2008-06-06,2008-Q2,134.64999999999952,27.5922131147541
2008-06-09,2008-Q2,126.94999999999955,26.014344262295083
2008-06-10,2008-Q2,130.64999999999955,26.77254098360656
2008-06-11,2008-Q2,132.69999999999953,27.192622950819672
2008-06-12,2008-Q2,136.24999999999955,27.920081967213115
2008-06-13,2008-Q2,146.6499999999995,30.051229508196723
2008-06-16,2008-Q2,147.64999999999952,30.25614754098361
2008-06-17,2008-Q2,149.2499999999995,30.584016393442624
2008-06-18,2008-Q2,144.0999999999995,29.52868852459016
2008-06-19,2008-Q2,138.24999999999955,28.329918032786885
2008-06-20,2008-Q2,135.24999999999955,27.71516393442623
2008-06-23,2008-Q2,126.84999999999957,25.99385245901639
2008-06-24,2008-Q2,119.29999999999959,24.44672131147541
2008-06-25,2008-Q2,120.34999999999957,24.66188524590164
2008-06-26,2008-Q2,127.04999999999954,26.03483606557377
2008-06-27,2008-Q2,118.24999999999959,24.23155737704918
2008-06-30,2008-Q2,116.24999999999959,23.82172131147541
2008-07-01,2008-Q3,110.04999999999961,22.55122950819672
2008-07-02,2008-Q3,115.4499999999996,23.6577868852459
2008-07-03,2008-Q3,110.49999999999963,22.643442622950825
2008-07-04,2008-Q3,114.59999999999961,23.483606557377048
2008-07-07,2008-Q3,112.04999999999963,22.96106557377049
2008-07-08,2008-Q3,111.24999999999963,22.797131147540984
2008-07-09,2008-Q3,113.49999999999962,23.258196721311474
2008-07-10,2008-Q3,113.94999999999963,23.350409836065573
2008-07-11,2008-Q3,112.34999999999962,23.02254098360656
2008-07-14,2008-Q3,112.14999999999964,22.98155737704918
2008-07-15,2008-Q3,104.19999999999966,21.352459016393443
2008-07-16,2008-Q3,102.59999999999967,21.024590163934427
2008-07-17,2008-Q3,103.54999999999967,21.21926229508197
2008-07-18,2008-Q3,106.14999999999966,21.75204918032787
2008-07-21,2008-Q3,105.24999999999967,21.567622950819672
2008-07-22,2008-Q3,104.29999999999967,21.37295081967213
2008-07-23,2008-Q3,107.99999999999967,22.13114754098361
2008-07-24,2008-Q3,117.59999999999962,24.098360655737704
2008-07-25,2008-Q3,118.19999999999965,24.22131147540984
2008-07-28,2008-Q3,122.94999999999963,25.19467213114754
2008-07-29,2008-Q3,119.29999999999964,24.44672131147541
2008-07-30,2008-Q3,121.59999999999962,24.918032786885245
2008-07-31,2008-Q3,120.29999999999963,24.651639344262296
2008-08-01,2008-Q3,124.59999999999961,25.5327868852459
2008-08-04,2008-Q3,127.74999999999962,26.17827868852459
2008-08-05,2008-Q3,128.0499999999996,26.23975409836066
2008-08-06,2008-Q3,124.34999999999962,25.48155737704917
2008-08-07,2008-Q3,122.99999999999962,25.204918032786885
2008-08-08,2008-Q3,124.54999999999964,25.52254098360656
2008-08-11,2008-Q3,128.84999999999962,26.40368852459016
2008-08-12,2008-Q3,131.1499999999996,26.875
2008-08-13,2008-Q3,128.6999999999996,26.37295081967213
2008-08-14,2008-Q3,123.29999999999963,25.266393442622952
2008-08-15,2008-Q3,123.29999999999963,25.266393442622952
2008-08-18,2008-Q3,122.74999999999963,25.15368852459017
2008-08-19,2008-Q3,125.19999999999962,25.655737704918035
2008-08-20,2008-Q3,124.39999999999962,25.49180327868853
2008-08-21,2008-Q3,120.34999999999962,24.66188524590164
2008-08-22,2008-Q3,119.24999999999963,24.436475409836067
2008-08-25,2008-Q3,117.94999999999965,24.170081967213115
2008-08-26,2008-Q3,117.94999999999965,24.170081967213115
2008-08-27,2008-Q3,115.29999999999964,23.62704918032787
2008-08-28,2008-Q3,113.19999999999966,23.19672131147541
2008-08-29,2008-Q3,117.24999999999964,24.026639344262296
2008-09-01,2008-Q3,115.89999999999966,22.77013752455796
2008-09-02,2008-Q3,118.34999999999962,23.25147347740668
2008-09-03,2008-Q3,118.34999999999962,23.25147347740668
2008-09-04,2008-Q3,114.59999999999965,22.5147347740668
2008-09-05,2008-Q3,111.44999999999968,21.89587426326129
2008-09-08,2008-Q3,110.84999999999967,21.77799607072692
2008-09-09,2008-Q3,110.64999999999968,21.738703339882125
2008-09-10,2008-Q3,107.89999999999968,21.19842829076621
2008-09-11,2008-Q3,106.49999999999969,20.92337917485265
2008-09-12,2008-Q3,103.5499999999997,20.343811394891944
2008-09-15,2008-Q3,97.74999999999973,19.204322200392927
2008-09-16,2008-Q3,97.14999999999974,19.08644400785855
2008-09-17,2008-Q3,97.14999999999974,19.08644400785855
2008-09-18,2008-Q3,96.29999999999971,18.91944990176817
2008-09-19,2008-Q3,99.5999999999997,19.56777996070727
2008-09-22,2008-Q3,97.2499999999997,19.106090373280946
2008-09-23,2008-Q3,95.99999999999972,18.860510805500983
2008-09-24,2008-Q3,97.3499999999997,19.12573673870334
2008-09-25,2008-Q3,95.24999999999972,18.713163064833008
2008-09-26,2008-Q3,92.49999999999972,18.17288801571709
2008-09-29,2008-Q3,86.19999999999973,16.93516699410609
2008-09-30,2008-Q3,90.24999999999972,17.730844793713164
2008-10-01,2008-Q4,89.64999999999974,17.612966601178783
2008-10-02,2008-Q4,89.64999999999974,17.612966601178783
2008-10-03,2008-Q4,85.94999999999975,16.8860510805501
2008-10-06,2008-Q4,79.84999999999975,15.68762278978389
2008-10-07,2008-Q4,77.34999999999977,15.196463654223969
2008-10-08,2008-Q4,70.49999999999979,13.850687622789785
2008-10-09,2008-Q4,70.49999999999979,13.850687622789785
2008-10-10,2008-Q4,59.44999999999983,11.679764243614931
2008-10-13,2008-Q4,63.399999999999814,12.455795677799609
2008-10-14,2008-Q4,60.54999999999982,11.895874263261296
2008-10-15,2008-Q4,57.549999999999834,11.30648330058939
2008-10-16,2008-Q4,59.64999999999983,11.719056974459724
2008-10-17,2008-Q4,56.299999999999834,11.06090373280943
2008-10-20,2008-Q4,54.74999999999984,10.75638506876228
2008-10-21,2008-Q4,55.99999999999983,11.00196463654224
2008-10-22,2008-Q4,54.69999999999984,10.74656188605108
2008-10-23,2008-Q4,53.899999999999835,10.589390962671906
2008-10-24,2008-Q4,50.599999999999845,9.94106090373281
2008-10-27,2008-Q4,50.34999999999985,9.891944990176816
2008-10-28,2008-Q4,54.64999999999983,10.73673870333988
2008-10-29,2008-Q4,54.399999999999835,10.68762278978389
2008-10-30,2008-Q4,54.399999999999835,10.68762278978389
2008-10-31,2008-Q4,58.949999999999825,11.581532416502949
2008-11-03,2008-Q4,61.14999999999981,12.01375245579568
2008-11-04,2008-Q4,63.4999999999998,12.475442043222005
2008-11-05,2008-Q4,59.799999999999805,11.74852652259332
2008-11-06,2008-Q4,58.249999999999815,11.444007858546168
2008-11-07,2008-Q4,60.4999999999998,11.886051080550098
2008-11-10,2008-Q4,63.19999999999979,12.416502946954814
2008-11-11,2008-Q4,59.499999999999794,11.68958742632613
2008-11-12,2008-Q4,56.949999999999804,11.188605108055013
2008-11-13,2008-Q4,56.949999999999804,11.188605108055013
2008-11-14,2008-Q4,56.24999999999981,11.051080550098233
2008-11-17,2008-Q4,54.749999999999815,10.75638506876228
2008-11-18,2008-Q4,54.149999999999814,10.6385068762279
2008-11-19,2008-Q4,53.94999999999982,10.599214145383105
2008-11-20,2008-Q4,52.599999999999824,10.333988212180747
2008-11-21,2008-Q4,53.199999999999825,10.451866404715128
2008-11-24,2008-Q4,53.34999999999983,10.481335952848724
2008-11-25,2008-Q4,52.09999999999983,10.235756385068765
2008-11-26,2008-Q4,50.899999999999835,10.0
2008-11-27,2008-Q4,50.899999999999835,10.0
2008-11-28,2008-Q4,51.39999999999984,10.098231827111984
2008-12-01,2008-Q4,51.04999999999984,7.878086419753085
2008-12-02,2008-Q4,50.699999999999854,7.824074074074074
2008-12-03,2008-Q4,50.49999999999985,7.79320987654321
2008-12-04,2008-Q4,51.349999999999845,7.924382716049382
2008-12-05,2008-Q4,51.44999999999985,7.939814814814815
2008-12-08,2008-Q4,51.14999999999984,7.893518518518518
2008-12-09,2008-Q4,51.14999999999984,7.893518518518518
2008-12-10,2008-Q4,52.299999999999834,8.070987654320987
2008-12-11,2008-Q4,52.89999999999984,8.163580246913579
2008-12-12,2008-Q4,53.39999999999985,8.24074074074074
2008-12-15,2008-Q4,54.74999999999985,8.449074074074074
2008-12-16,2008-Q4,58.44999999999985,9.020061728395062
2008-12-17,2008-Q4,56.949999999999854,8.78858024691358
2008-12-18,2008-Q4,57.59999999999985,8.88888888888889
2008-12-19,2008-Q4,58.64999999999984,9.050925925925926
2008-12-22,2008-Q4,56.54999999999985,8.726851851851851
2008-12-23,2008-Q4,54.49999999999985,8.410493827160494
2008-12-24,2008-Q4,51.44999999999986,7.939814814814815
2008-12-25,2008-Q4,51.44999999999986,7.939814814814815
2008-12-26,2008-Q4,51.399999999999864,7.932098765432098
2008-12-29,2008-Q4,52.14999999999986,8.047839506172838
2008-12-30,2008-Q4,53.44999999999986,8.248456790123457
2008-12-31,2008-Q4,54.59999999999985,8.425925925925926
2009-01-01,2009-Q1,56.84999999999985,8.773148148148147
2009-01-02,2009-Q1,59.59999999999984,9.19753086419753
2009-01-05,2009-Q1,59.89999999999983,9.243827160493826
2009-01-06,2009-Q1,58.79999999999983,9.074074074074073
2009-01-07,2009-Q1,54.249999999999844,8.371913580246913
2009-01-08,2009-Q1,54.249999999999844,8.371913580246913
2009-01-09,2009-Q1,53.199999999999854,8.209876543209877
2009-01-12,2009-Q1,52.949999999999854,8.171296296296296
2009-01-13,2009-Q1,52.84999999999985,8.155864197530864
2009-01-14,2009-Q1,55.149999999999835,8.510802469135802
2009-01-15,2009-Q1,56.049999999999834,8.64969135802469
2009-01-16,2009-Q1,55.149999999999835,8.510802469135802
2009-01-19,2009-Q1,55.94999999999985,8.63425925925926
2009-01-20,2009-Q1,57.14999999999984,8.819444444444443
2009-01-21,2009-Q1,55.29999999999985,8.53395061728395
2009-01-22,2009-Q1,53.49999999999985,8.256172839506172
2009-01-23,2009-Q1,52.29999999999985,8.070987654320987
2009-01-26,2009-Q1,52.29999999999985,8.070987654320987
2009-01-27,2009-Q1,54.949999999999854,8.479938271604938
2009-01-28,2009-Q1,57.44999999999985,8.86574074074074
2009-01-29,2009-Q1,58.249999999999844,8.989197530864198
2009-01-30,2009-Q1,58.04999999999984,8.958333333333332
2009-02-02,2009-Q1,58.04999999999984,8.958333333333332
2009-02-03,2009-Q1,55.74999999999985,8.603395061728394
2009-02-04,2009-Q1,56.199999999999854,8.672839506172838
2009-02-05,2009-Q1,54.89999999999986,8.472222222222221
2009-02-06,2009-Q1,56.449999999999854,8.71141975308642
2009-02-09,2009-Q1,56.849999999999845,8.773148148148147
2009-02-10,2009-Q1,57.74999999999984,8.912037037037036
2009-02-11,2009-Q1,61.19999999999984,9.444444444444445
2009-02-12,2009-Q1,64.54999999999981,9.96141975308642
2009-02-13,2009-Q1,62.84999999999983,9.699074074074074
2009-02-16,2009-Q1,58.599999999999845,9.043209876543209
2009-02-17,2009-Q1,56.64999999999985,8.742283950617283
2009-02-18,2009-Q1,56.89999999999985,8.780864197530864
2009-02-19,2009-Q1,55.699999999999854,8.595679012345679
2009-02-20,2009-Q1,54.19999999999986,8.364197530864198
2009-02-23,2009-Q1,54.19999999999986,8.364197530864198
2009-02-24,2009-Q1,55.09999999999985,8.503086419753085
2009-02-25,2009-Q1,55.349999999999845,8.541666666666666
2009-02-26,2009-Q1,54.94999999999985,8.479938271604938
2009-02-27,2009-Q1,54.849999999999845,8.464506172839506
2009-03-02,2009-Q1,53.54999999999985,8.263888888888888
2009-03-03,2009-Q1,53.79999999999984,8.302469135802468
2009-03-04,2009-Q1,53.19999999999985,8.209876543209877
2009-03-05,2009-Q1,53.249999999999844,8.217592592592592
2009-03-06,2009-Q1,53.59999999999984,8.271604938271604
2009-03-09,2009-Q1,53.14999999999984,8.20216049382716
2009-03-10,2009-Q1,53.14999999999984,8.20216049382716
2009-03-11,2009-Q1,53.14999999999984,8.20216049382716
2009-03-12,2009-Q1,53.04999999999984,8.186728395061728
2009-03-13,2009-Q1,55.74999999999984,8.603395061728394
2009-03-16,2009-Q1,54.99999999999984,8.487654320987653
2009-03-17,2009-Q1,54.09999999999984,8.348765432098766
2009-03-18,2009-Q1,57.39999999999982,8.858024691358024
2009-03-19,2009-Q1,57.999999999999815,8.950617283950617
2009-03-20,2009-Q1,57.04999999999981,8.804012345679011
2009-03-23,2009-Q1,58.199999999999825,8.981481481481481
2009-03-24,2009-Q1,57.54999999999982,8.881172839506172
2009-03-25,2009-Q1,59.29999999999981,9.151234567901234
2009-03-26,2009-Q1,59.999999999999815,9.25925925925926
2009-03-27,2009-Q1,60.049999999999805,9.266975308641976
2009-03-30,2009-Q1,60.14999999999981,9.282407407407408
2009-03-31,2009-Q1,60.39999999999981,9.320987654320987
2009-04-01,2009-Q2,61.3499999999998,9.467592592592592
2009-04-02,2009-Q2,62.9999999999998,9.72222222222222
2009-04-03,2009-Q2,62.9999999999998,9.72222222222222
2009-04-06,2009-Q2,66.5499999999998,10.27006172839506
2009-04-07,2009-Q2,66.5499999999998,10.27006172839506
2009-04-08,2009-Q2,68.44999999999979,10.563271604938272
2009-04-09,2009-Q2,69.49999999999977,10.725308641975309
2009-04-10,2009-Q2,69.49999999999977,10.725308641975309
2009-04-13,2009-Q2,70.89999999999978,10.941358024691358
2009-04-14,2009-Q2,70.89999999999978,10.941358024691358
2009-04-15,2009-Q2,74.54999999999976,11.504629629629628
2009-04-16,2009-Q2,69.04999999999978,10.655864197530864
2009-04-17,2009-Q2,68.64999999999979,10.594135802469136
2009-04-20,2009-Q2,70.44999999999979,10.871913580246911
2009-04-21,2009-Q2,73.39999999999978,11.327160493827162
2009-04-22,2009-Q2,69.0499999999998,10.655864197530864
2009-04-23,2009-Q2,68.7499999999998,10.609567901234568
2009-04-24,2009-Q2,70.29999999999978,10.848765432098764
2009-04-27,2009-Q2,70.14999999999979,10.825617283950615
2009-04-28,2009-Q2,67.4499999999998,10.408950617283953
2009-04-29,2009-Q2,66.94999999999982,10.33179012345679
2009-04-30,2009-Q2,66.94999999999982,10.33179012345679
2009-05-01,2009-Q2,66.94999999999982,10.33179012345679
2009-05-04,2009-Q2,71.7999999999998,11.080246913580243
2009-05-05,2009-Q2,73.1499999999998,11.28858024691358
2009-05-06,2009-Q2,72.3499999999998,11.165123456790122
2009-05-07,2009-Q2,72.4999999999998,11.18827160493827
2009-05-08,2009-Q2,71.5999999999998,11.04938271604938
2009-05-11,2009-Q2,70.6499999999998,10.90277777777778
2009-05-12,2009-Q2,72.34999999999978,11.165123456790122
2009-05-13,2009-Q2,74.39999999999979,11.48148148148148
2009-05-14,2009-Q2,75.24999999999979,11.612654320987652
2009-05-15,2009-Q2,73.29999999999978,11.311728395061728
2009-05-18,2009-Q2,79.19999999999979,12.22222222222222
2009-05-19,2009-Q2,77.89999999999979,12.021604938271604
2009-05-20,2009-Q2,84.14999999999978,12.98611111111111
2009-05-21,2009-Q2,86.09999999999975,13.287037037037036
2009-05-22,2009-Q2,90.99999999999974,14.043209876543209
2009-05-25,2009-Q2,91.74999999999974,14.15895061728395
2009-05-26,2009-Q2,85.84999999999975,13.248456790123456
2009-05-27,2009-Q2,88.34999999999974,13.634259259259258
2009-05-28,2009-Q2,87.89999999999976,13.564814814814817
2009-05-29,2009-Q2,93.99999999999973,14.506172839506172
2009-06-01,2009-Q2,98.04999999999971,36.44981412639405
2009-06-02,2009-Q2,98.49999999999973,36.61710037174721
2009-06-03,2009-Q2,101.34999999999971,37.67657992565056
2009-06-04,2009-Q2,102.99999999999973,38.28996282527881
2009-06-05,2009-Q2,99.39999999999974,36.951672862453535
2009-06-08,2009-Q2,97.09999999999974,36.09665427509294
2009-06-09,2009-Q2,99.79999999999973,37.100371747211895
2009-06-10,2009-Q2,98.29999999999974,36.542750929368026
2009-06-11,2009-Q2,102.29999999999973,38.02973977695167
2009-06-12,2009-Q2,98.44999999999975,36.59851301115242
2009-06-15,2009-Q2,99.19999999999975,36.877323420074354
2009-06-16,2009-Q2,98.94999999999975,36.78438661710037
2009-06-17,2009-Q2,93.79999999999974,34.86988847583643
2009-06-18,2009-Q2,90.19999999999976,33.531598513011154
2009-06-19,2009-Q2,90.64999999999976,33.698884758364315
2009-06-22,2009-Q2,87.69999999999978,32.60223048327138
2009-06-23,2009-Q2,87.94999999999978,32.69516728624536
2009-06-24,2009-Q2,89.29999999999977,33.19702602230483
2009-06-25,2009-Q2,84.69999999999979,31.48698884758365
2009-06-26,2009-Q2,86.59999999999978,32.19330855018588
2009-06-29,2009-Q2,87.79999999999978,32.639405204460964
2009-06-30,2009-Q2,88.0499999999998,32.732342007434944
2009-07-01,2009-Q3,87.9999999999998,32.71375464684015
2009-07-02,2009-Q3,94.1499999999998,35.0
2009-07-03,2009-Q3,94.74999999999979,35.22304832713755
2009-07-06,2009-Q3,86.34999999999981,32.100371747211895
2009-07-07,2009-Q3,86.2499999999998,32.06319702602231
2009-07-08,2009-Q3,84.99999999999982,31.598513011152416
2009-07-09,2009-Q3,84.64999999999982,31.46840148698885
2009-07-10,2009-Q3,83.99999999999982,31.226765799256505
2009-07-13,2009-Q3,82.99999999999982,30.8550185873606
2009-07-14,2009-Q3,84.59999999999981,31.44981412639405
2009-07-15,2009-Q3,85.8999999999998,31.93308550185873
2009-07-16,2009-Q3,86.9999999999998,32.34200743494424
2009-07-17,2009-Q3,87.5999999999998,32.56505576208178
2009-07-20,2009-Q3,88.94999999999979,33.066914498141266
2009-07-21,2009-Q3,92.14999999999979,34.256505576208184
2009-07-22,2009-Q3,89.64999999999979,33.32713754646841
2009-07-23,2009-Q3,89.99999999999979,33.457249070631974
2009-07-24,2009-Q3,90.39999999999979,33.605947955390334
2009-07-27,2009-Q3,89.99999999999979,33.457249070631974
2009-07-28,2009-Q3,90.69999999999979,33.71747211895911
2009-07-29,2009-Q3,90.54999999999978,33.66171003717472
2009-07-30,2009-Q3,92.39999999999979,34.34944237918216
2009-07-31,2009-Q3,91.89999999999978,34.1635687732342
2009-08-03,2009-Q3,93.59999999999975,34.795539033457246
2009-08-04,2009-Q3,93.64999999999978,34.814126394052046
2009-08-05,2009-Q3,94.14999999999976,35.0
2009-08-06,2009-Q3,91.74999999999977,34.10780669144982
2009-08-07,2009-Q3,92.19999999999978,34.27509293680298
2009-08-10,2009-Q3,91.19999999999978,33.90334572490706
2009-08-11,2009-Q3,91.29999999999977,33.940520446096656
2009-08-12,2009-Q3,90.79999999999978,33.7546468401487
2009-08-13,2009-Q3,92.39999999999979,34.34944237918216
2009-08-14,2009-Q3,92.94999999999979,34.55390334572491
2009-08-17,2009-Q3,93.79999999999978,34.86988847583643
2009-08-18,2009-Q3,92.1999999999998,34.27509293680298
2009-08-19,2009-Q3,89.24999999999982,33.17843866171004
2009-08-20,2009-Q3,89.84999999999981,33.40148698884758
2009-08-21,2009-Q3,90.59999999999981,33.680297397769515
2009-08-24,2009-Q3,92.79999999999983,34.49814126394052
2009-08-25,2009-Q3,93.19999999999982,34.646840148698885
2009-08-26,2009-Q3,93.59999999999981,34.795539033457246
2009-08-27,2009-Q3,94.64999999999984,35.18587360594796
2009-08-28,2009-Q3,95.19999999999983,35.39033457249071
2009-08-31,2009-Q3,96.24999999999983,35.78066914498142
2009-09-01,2009-Q3,95.14999999999984,24.39743589743589
2009-09-02,2009-Q3,94.89999999999985,24.333333333333336
2009-09-03,2009-Q3,102.89999999999985,26.384615384615387
2009-09-04,2009-Q3,102.99999999999984,26.41025641025641
2009-09-07,2009-Q3,103.64999999999985,26.57692307692308
2009-09-08,2009-Q3,99.49999999999984,25.512820512820515
2009-09-09,2009-Q3,97.79999999999986,25.07692307692308
2009-09-10,2009-Q3,98.39999999999988,25.23076923076924
2009-09-11,2009-Q3,97.99999999999987,25.128205128205128
2009-09-14,2009-Q3,99.09999999999987,25.41025641025641
2009-09-15,2009-Q3,100.24999999999989,25.705128205128204
2009-09-16,2009-Q3,99.09999999999988,25.41025641025641
2009-09-17,2009-Q3,99.44999999999989,25.5
2009-09-18,2009-Q3,98.7999999999999,25.33333333333333
2009-09-21,2009-Q3,98.7999999999999,25.33333333333333
2009-09-22,2009-Q3,99.0999999999999,25.41025641025641
2009-09-23,2009-Q3,97.49999999999991,25.0
2009-09-24,2009-Q3,97.3499999999999,24.96153846153846
2009-09-25,2009-Q3,100.4999999999999,25.76923076923077
2009-09-28,2009-Q3,100.4999999999999,25.76923076923077
2009-09-29,2009-Q3,99.5999999999999,25.538461538461537
2009-09-30,2009-Q3,101.69999999999989,26.07692307692308
2009-10-01,2009-Q4,99.84999999999987,25.602564102564106
2009-10-02,2009-Q4,99.84999999999987,25.602564102564106
2009-10-05,2009-Q4,97.64999999999989,25.03846153846154
2009-10-06,2009-Q4,97.04999999999988,24.884615384615383
2009-10-07,2009-Q4,98.79999999999988,25.33333333333333
2009-10-08,2009-Q4,98.79999999999988,25.33333333333333
2009-10-09,2009-Q4,97.59999999999988,25.025641025641026
2009-10-12,2009-Q4,96.39999999999989,24.71794871794872
2009-10-13,2009-Q4,96.39999999999989,24.71794871794872
2009-10-14,2009-Q4,96.89999999999989,24.846153846153847
2009-10-15,2009-Q4,96.54999999999987,24.75641025641025
2009-10-16,2009-Q4,97.34999999999987,24.96153846153846
2009-10-17,2009-Q4,97.39999999999988,24.97435897435897
2009-10-19,2009-Q4,97.39999999999988,24.97435897435897
2009-10-20,2009-Q4,98.99999999999989,25.384615384615387
2009-10-21,2009-Q4,101.79999999999987,26.102564102564106
2009-10-22,2009-Q4,100.04999999999987,25.65384615384616
2009-10-23,2009-Q4,98.79999999999988,25.33333333333333
2009-10-26,2009-Q4,95.8999999999999,24.58974358974359
2009-10-27,2009-Q4,91.9499999999999,23.57692307692308
2009-10-28,2009-Q4,93.0499999999999,23.85897435897436
2009-10-29,2009-Q4,92.64999999999992,23.75641025641026
2009-10-30,2009-Q4,93.0499999999999,23.85897435897436
2009-11-02,2009-Q4,93.0499999999999,23.85897435897436
2009-11-03,2009-Q4,88.24999999999991,22.628205128205128
2009-11-04,2009-Q4,89.54999999999993,22.96153846153846
2009-11-05,2009-Q4,90.34999999999991,23.166666666666664
2009-11-06,2009-Q4,92.39999999999993,23.692307692307693
2009-11-09,2009-Q4,92.94999999999993,23.833333333333336
2009-11-10,2009-Q4,94.64999999999993,24.26923076923077
2009-11-11,2009-Q4,94.84999999999991,24.32051282051282
2009-11-12,2009-Q4,95.24999999999991,24.423076923076923
2009-11-13,2009-Q4,95.94999999999992,24.602564102564106
2009-11-16,2009-Q4,95.09999999999991,24.384615384615383
2009-11-17,2009-Q4,93.8499999999999,24.06410256410256
2009-11-18,2009-Q4,93.7499999999999,24.03846153846154
2009-11-19,2009-Q4,93.7499999999999,24.03846153846154
2009-11-20,2009-Q4,94.0999999999999,24.128205128205128
2009-11-23,2009-Q4,93.59999999999991,24.0
2009-11-24,2009-Q4,93.9499999999999,24.08974358974359
2009-11-25,2009-Q4,93.89999999999989,24.07692307692308
2009-11-26,2009-Q4,94.04999999999988,24.115384615384617
2009-11-27,2009-Q4,92.4499999999999,23.705128205128208
2009-11-30,2009-Q4,93.9999999999999,24.102564102564106
2009-12-01,2009-Q4,94.49999999999989,24.609375
2009-12-02,2009-Q4,95.59999999999988,24.89583333333333
2009-12-03,2009-Q4,95.44999999999989,24.856770833333336
2009-12-04,2009-Q4,96.34999999999988,25.09114583333333
2009-12-07,2009-Q4,96.94999999999987,25.247395833333336
2009-12-08,2009-Q4,96.64999999999988,25.169270833333336
2009-12-09,2009-Q4,97.09999999999985,25.28645833333333
2009-12-10,2009-Q4,98.69999999999986,25.703125
2009-12-11,2009-Q4,98.44999999999987,25.638020833333336
2009-12-14,2009-Q4,98.99999999999987,25.78125
2009-12-15,2009-Q4,98.79999999999987,25.729166666666668
2009-12-16,2009-Q4,99.04999999999987,25.79427083333333
2009-12-17,2009-Q4,98.34999999999987,25.611979166666668
2009-12-18,2009-Q4,98.24999999999989,25.5859375
2009-12-21,2009-Q4,99.19999999999987,25.833333333333336
2009-12-22,2009-Q4,99.69999999999987,25.963541666666668
2009-12-23,2009-Q4,100.19999999999989,26.09375
2009-12-24,2009-Q4,101.04999999999987,26.315104166666668
2009-12-25,2009-Q4,101.04999999999987,26.315104166666668
2009-12-28,2009-Q4,101.04999999999987,26.315104166666668
2009-12-29,2009-Q4,102.74999999999987,26.7578125
2009-12-30,2009-Q4,104.99999999999989,27.34375
2009-12-31,2009-Q4,105.69999999999987,27.526041666666668
2010-01-01,2010-Q1,105.69999999999987,27.526041666666668
2010-01-04,2010-Q1,110.39999999999988,28.750000000000004
2010-01-05,2010-Q1,113.74999999999989,29.622395833333336
2010-01-06,2010-Q1,115.84999999999987,30.16927083333333
2010-01-07,2010-Q1,114.64999999999988,29.856770833333336
2010-01-08,2010-Q1,111.19999999999989,28.958333333333336
2010-01-11,2010-Q1,112.19999999999989,29.218750000000004
2010-01-12,2010-Q1,112.84999999999987,29.38802083333333
2010-01-13,2010-Q1,112.89999999999988,29.401041666666668
2010-01-14,2010-Q1,115.64999999999988,30.117187500000004
2010-01-15,2010-Q1,114.04999999999987,29.70052083333333
2010-01-18,2010-Q1,115.04999999999986,29.9609375
2010-01-19,2010-Q1,122.59999999999985,31.92708333333333
2010-01-20,2010-Q1,123.39999999999986,32.13541666666667
2010-01-21,2010-Q1,125.69999999999985,32.734375
2010-01-22,2010-Q1,123.54999999999984,32.174479166666664
2010-01-25,2010-Q1,121.44999999999985,31.627604166666668
2010-01-26,2010-Q1,121.44999999999985,31.627604166666668
2010-01-27,2010-Q1,114.09999999999985,29.713541666666668
2010-01-28,2010-Q1,110.54999999999986,28.7890625
2010-01-29,2010-Q1,118.74999999999986,30.924479166666668
2010-02-01,2010-Q1,120.19999999999985,31.302083333333336
2010-02-02,2010-Q1,117.24999999999986,30.533854166666668
2010-02-03,2010-Q1,119.19999999999986,31.041666666666668
2010-02-04,2010-Q1,116.24999999999986,30.2734375
2010-02-05,2010-Q1,116.24999999999986,30.2734375
2010-02-06,2010-Q1,115.89999999999986,30.182291666666668
2010-02-08,2010-Q1,117.69999999999985,30.651041666666668
2010-02-09,2010-Q1,119.44999999999985,31.106770833333336
2010-02-10,2010-Q1,117.09999999999984,30.494791666666668
2010-02-11,2010-Q1,116.49999999999986,30.338541666666668
2010-02-12,2010-Q1,116.49999999999986,30.338541666666668
2010-02-15,2010-Q1,114.69999999999986,29.869791666666668
2010-02-16,2010-Q1,115.69999999999986,30.130208333333336
2010-02-17,2010-Q1,115.49999999999986,30.078125
2010-02-18,2010-Q1,119.79999999999986,31.197916666666668
2010-02-19,2010-Q1,115.24999999999986,30.013020833333336
2010-02-22,2010-Q1,110.89999999999986,28.880208333333336
2010-02-23,2010-Q1,108.89999999999988,28.359375000000004
2010-02-24,2010-Q1,107.24999999999986,27.9296875
2010-02-25,2010-Q1,109.19999999999987,28.437500000000004
2010-02-26,2010-Q1,107.39999999999989,27.968750000000004
2010-03-01,2010-Q1,107.39999999999989,
2010-03-02,2010-Q1,107.84999999999987,
2010-03-03,2010-Q1,109.34999999999985,
2010-03-04,2010-Q1,111.64999999999988,
2010-03-05,2010-Q1,113.44999999999986,
2010-03-08,2010-Q1,113.74999999999986,
2010-03-09,2010-Q1,110.59999999999985,
2010-03-10,2010-Q1,111.39999999999986,
2010-03-11,2010-Q1,109.54999999999986,
2010-03-12,2010-Q1,109.04999999999986,
2010-03-15,2010-Q1,107.59999999999985,
2010-03-16,2010-Q1,108.19999999999986,
2010-03-17,2010-Q1,108.34999999999985,
2010-03-18,2010-Q1,107.84999999999985,
2010-03-19,2010-Q1,108.14999999999988,
2010-03-22,2010-Q1,107.24999999999986,
2010-03-23,2010-Q1,107.04999999999986,
2010-03-24,2010-Q1,107.04999999999986,
2010-03-25,2010-Q1,107.89999999999988,
2010-03-26,2010-Q1,108.89999999999989,
2010-03-29,2010-Q1,110.04999999999988,
2010-03-30,2010-Q1,111.59999999999988,
2010-03-31,2010-Q1,112.39999999999989,
2010-04-01,2010-Q2,111.64999999999989,
2010-04-02,2010-Q2,111.64999999999989,
2010-04-05,2010-Q2,113.09999999999987,
2010-04-06,2010-Q2,115.34999999999988,
2010-04-07,2010-Q2,116.79999999999987,
2010-04-08,2010-Q2,114.59999999999987,
2010-04-09,2010-Q2,113.64999999999988,
2010-04-12,2010-Q2,116.79999999999986,
2010-04-13,2010-Q2,116.04999999999986,
2010-04-14,2010-Q2,116.04999999999986,
2010-04-15,2010-Q2,116.69999999999987,
2010-04-16,2010-Q2,118.09999999999985,
2010-04-19,2010-Q2,115.94999999999986,
2010-04-20,2010-Q2,118.19999999999987,
2010-04-21,2010-Q2,120.59999999999984,
2010-04-22,2010-Q2,121.89999999999986,
2010-04-23,2010-Q2,118.54999999999986,
2010-04-26,2010-Q2,118.34999999999985,
2010-04-27,2010-Q2,119.64999999999985,
2010-04-28,2010-Q2,117.54999999999984,
2010-04-29,2010-Q2,116.59999999999984,
2010-04-30,2010-Q2,120.34999999999985,
2010-05-03,2010-Q2,120.14999999999986,
2010-05-04,2010-Q2,116.94999999999986,
2010-05-05,2010-Q2,116.64999999999988,
2010-05-06,2010-Q2,115.24999999999987,
2010-05-07,2010-Q2,112.64999999999988,
2010-05-10,2010-Q2,114.64999999999989,
2010-05-11,2010-Q2,116.9999999999999,
2010-05-12,2010-Q2,116.14999999999989,
2010-05-13,2010-Q2,115.6999999999999,
2010-05-14,2010-Q2,113.5499999999999,
2010-05-17,2010-Q2,113.8999999999999,
2010-05-18,2010-Q2,114.39999999999989,
2010-05-19,2010-Q2,112.3999999999999,
2010-05-20,2010-Q2,110.8999999999999,
2010-05-21,2010-Q2,109.0999999999999,
2010-05-24,2010-Q2,109.49999999999989,
2010-05-25,2010-Q2,107.19999999999989,
2010-05-26,2010-Q2,109.39999999999986,
2010-05-27,2010-Q2,105.29999999999987,
2010-05-28,2010-Q2,105.09999999999987,
2010-05-31,2010-Q2,105.64999999999989,
2010-06-01,2010-Q2,107.69999999999989,
2010-06-02,2010-Q2,107.29999999999988,
2010-06-03,2010-Q2,106.89999999999989,
2010-06-04,2010-Q2,106.74999999999989,
2010-06-07,2010-Q2,106.74999999999989,
2010-06-08,2010-Q2,105.14999999999989,
2010-06-09,2010-Q2,107.09999999999987,
2010-06-10,2010-Q2,106.14999999999988,
2010-06-11,2010-Q2,105.84999999999985,
2010-06-14,2010-Q2,107.64999999999988,
2010-06-15,2010-Q2,107.34999999999987,
2010-06-16,2010-Q2,107.39999999999986,
2010-06-17,2010-Q2,107.39999999999986,
2010-06-18,2010-Q2,106.29999999999986,
2010-06-21,2010-Q2,107.49999999999984,
2010-06-22,2010-Q2,106.59999999999982,
2010-06-23,2010-Q2,107.99999999999984,
2010-06-24,2010-Q2,107.29999999999984,
2010-06-25,2010-Q2,107.49999999999983,
2010-06-28,2010-Q2,110.59999999999981,
2010-06-29,2010-Q2,108.44999999999982,
2010-06-30,2010-Q2,110.2999999999998,
2010-07-01,2010-Q3,110.5499999999998,
2010-07-02,2010-Q3,114.19999999999979,
2010-07-05,2010-Q3,118.79999999999976,
2010-07-06,2010-Q3,119.09999999999977,
2010-07-07,2010-Q3,117.49999999999977,
2010-07-08,2010-Q3,116.89999999999978,
2010-07-09,2010-Q3,115.54999999999977,
2010-07-12,2010-Q3,118.44999999999978,
2010-07-13,2010-Q3,116.99999999999979,
2010-07-14,2010-Q3,116.34999999999977,
2010-07-15,2010-Q3,117.49999999999977,
2010-07-16,2010-Q3,116.49999999999977,
2010-07-19,2010-Q3,116.19999999999979,
2010-07-20,2010-Q3,115.34999999999978,
2010-07-21,2010-Q3,115.0499999999998,
2010-07-22,2010-Q3,118.64999999999978,
2010-07-23,2010-Q3,115.84999999999978,
2010-07-26,2010-Q3,115.54999999999977,
2010-07-27,2010-Q3,115.44999999999979,
2010-07-28,2010-Q3,114.24999999999979,
2010-07-29,2010-Q3,113.29999999999978,
2010-07-30,2010-Q3,114.79999999999977,
2010-08-02,2010-Q3,116.39999999999978,
2010-08-03,2010-Q3,115.44999999999979,
2010-08-04,2010-Q3,113.9499999999998,
2010-08-05,2010-Q3,115.0999999999998,
2010-08-06,2010-Q3,119.7499999999998,
2010-08-09,2010-Q3,118.49999999999979,
2010-08-10,2010-Q3,117.09999999999978,
2010-08-11,2010-Q3,117.64999999999979,
2010-08-12,2010-Q3,116.3499999999998,
2010-08-13,2010-Q3,118.89999999999979,
2010-08-16,2010-Q3,119.04999999999978,
2010-08-17,2010-Q3,118.94999999999979,
2010-08-18,2010-Q3,130.39999999999978,
2010-08-19,2010-Q3,128.04999999999978,
2010-08-20,2010-Q3,125.64999999999978,
2010-08-23,2010-Q3,125.69999999999978,
2010-08-24,2010-Q3,124.89999999999978,
2010-08-25,2010-Q3,126.19999999999978,
2010-08-26,2010-Q3,122.94999999999978,
2010-08-27,2010-Q3,120.84999999999978,
2010-08-30,2010-Q3,121.2499999999998,
2010-08-31,2010-Q3,120.54999999999981,
2010-09-01,2010-Q3,122.3999999999998,29.70873786407767
2010-09-02,2010-Q3,120.0499999999998,29.138349514563107
2010-09-03,2010-Q3,121.5999999999998,29.51456310679612
2010-09-06,2010-Q3,121.3499999999998,29.45388349514563
2010-09-07,2010-Q3,123.1499999999998,29.89077669902913
2010-09-08,2010-Q3,123.2499999999998,29.91504854368932
2010-09-09,2010-Q3,127.59999999999977,30.970873786407765
2010-09-10,2010-Q3,127.59999999999977,30.970873786407765
2010-09-13,2010-Q3,127.14999999999979,30.861650485436893
2010-09-14,2010-Q3,125.29999999999977,30.41262135922329
2010-09-15,2010-Q3,123.99999999999977,30.097087378640776
2010-09-16,2010-Q3,124.09999999999975,30.121359223300967
2010-09-17,2010-Q3,125.44999999999976,30.449029126213592
2010-09-20,2010-Q3,124.44999999999976,30.20631067961165
2010-09-21,2010-Q3,121.19999999999978,29.41747572815534
2010-09-22,2010-Q3,118.94999999999979,28.87135922330097
2010-09-23,2010-Q3,119.3499999999998,28.968446601941743
2010-09-24,2010-Q3,119.79999999999978,29.07766990291262
2010-09-27,2010-Q3,118.5499999999998,28.77427184466019
2010-09-28,2010-Q3,121.34999999999978,29.45388349514563
2010-09-29,2010-Q3,120.6999999999998,29.296116504854368
2010-09-30,2010-Q3,120.34999999999981,29.211165048543688
2010-10-01,2010-Q4,121.7499999999998,29.550970873786408
2010-10-04,2010-Q4,120.7999999999998,29.320388349514563
2010-10-05,2010-Q4,119.74999999999982,29.06553398058252
2010-10-06,2010-Q4,124.84999999999978,30.303398058252423
2010-10-07,2010-Q4,122.4499999999998,29.72087378640777
2010-10-08,2010-Q4,119.49999999999982,29.00485436893204
2010-10-11,2010-Q4,122.8999999999998,29.83009708737864
2010-10-12,2010-Q4,123.79999999999981,30.048543689320383
2010-10-13,2010-Q4,123.24999999999982,29.91504854368932
2010-10-14,2010-Q4,128.1499999999998,31.104368932038835
2010-10-15,2010-Q4,128.6499999999998,31.225728155339805
2010-10-18,2010-Q4,129.34999999999982,31.39563106796116
2010-10-19,2010-Q4,128.39999999999984,31.16504854368932
2010-10-20,2010-Q4,126.24999999999982,30.643203883495143
2010-10-21,2010-Q4,126.49999999999982,30.70388349514563
2010-10-22,2010-Q4,126.14999999999982,30.618932038834952
2010-10-25,2010-Q4,130.6499999999998,31.71116504854369
2010-10-26,2010-Q4,132.84999999999977,32.24514563106796
2010-10-27,2010-Q4,128.74999999999977,31.25
2010-10-28,2010-Q4,129.99999999999977,31.553398058252423
2010-10-29,2010-Q4,124.49999999999979,30.218446601941743
2010-11-01,2010-Q4,128.0499999999998,31.080097087378643
2010-11-02,2010-Q4,126.5499999999998,30.716019417475728
2010-11-03,2010-Q4,132.0499999999998,32.05097087378641
2010-11-04,2010-Q4,131.7499999999998,31.978155339805824
2010-11-05,2010-Q4,134.3499999999998,32.609223300970875
2010-11-08,2010-Q4,135.6499999999998,32.9247572815534
2010-11-09,2010-Q4,143.0499999999998,34.72087378640777
2010-11-10,2010-Q4,141.2999999999998,34.29611650485437
2010-11-11,2010-Q4,142.8999999999998,34.68446601941748
2010-11-12,2010-Q4,137.1499999999998,33.28883495145631
2010-11-15,2010-Q4,135.09999999999982,32.79126213592233
2010-11-16,2010-Q4,128.74999999999983,31.25
2010-11-17,2010-Q4,128.74999999999983,31.25
2010-11-18,2010-Q4,128.39999999999986,31.16504854368932
2010-11-19,2010-Q4,125.29999999999986,30.41262135922329
2010-11-22,2010-Q4,123.04999999999986,29.86650485436893
2010-11-23,2010-Q4,124.04999999999986,30.10922330097087
2010-11-24,2010-Q4,123.79999999999986,30.048543689320383
2010-11-25,2010-Q4,123.39999999999986,29.95145631067961
2010-11-26,2010-Q4,118.94999999999986,28.87135922330097
2010-11-29,2010-Q4,124.29999999999983,30.16990291262136
2010-11-30,2010-Q4,122.99999999999983,29.854368932038835
2010-12-01,2010-Q4,126.69999999999982,22.306338028169016
2010-12-02,2010-Q4,129.2999999999998,22.764084507042256
2010-12-03,2010-Q4,125.14999999999982,22.03345070422536
2010-12-06,2010-Q4,126.04999999999981,22.191901408450704
2010-12-07,2010-Q4,122.49999999999983,21.566901408450704
2010-12-08,2010-Q4,118.99999999999983,20.950704225352112
2010-12-09,2010-Q4,111.34999999999984,19.60387323943662
2010-12-10,2010-Q4,114.49999999999983,20.158450704225352
2010-12-13,2010-Q4,117.44999999999983,20.67781690140845
2010-12-14,2010-Q4,118.84999999999981,20.924295774647888
2010-12-15,2010-Q4,116.44999999999983,20.501760563380284
2010-12-16,2010-Q4,116.89999999999984,20.58098591549296
2010-12-17,2010-Q4,116.89999999999984,20.58098591549296
2010-12-20,2010-Q4,118.94999999999983,20.941901408450704
2010-12-21,2010-Q4,118.09999999999982,20.79225352112676
2010-12-22,2010-Q4,119.19999999999985,20.985915492957748
2010-12-23,2010-Q4,121.09999999999982,21.320422535211268
2010-12-24,2010-Q4,120.99999999999983,21.30281690140845
2010-12-27,2010-Q4,120.24999999999983,21.170774647887324
2010-12-28,2010-Q4,120.99999999999983,21.30281690140845
2010-12-29,2010-Q4,120.49999999999984,21.214788732394368
2010-12-30,2010-Q4,121.79999999999983,21.443661971830988
2010-12-31,2010-Q4,123.34999999999981,21.716549295774648
2011-01-03,2011-Q1,123.84999999999982,21.80457746478873
2011-01-04,2011-Q1,126.89999999999982,22.34154929577465
2011-01-05,2011-Q1,124.04999999999981,21.839788732394368
2011-01-06,2011-Q1,119.84999999999981,21.100352112676056
2011-01-07,2011-Q1,118.34999999999981,20.836267605633804
2011-01-10,2011-Q1,115.49999999999983,20.334507042253524
2011-01-11,2011-Q1,113.24999999999983,19.93838028169014
2011-01-12,2011-Q1,114.99999999999983,20.24647887323944
2011-01-13,2011-Q1,114.64999999999984,20.18485915492958
2011-01-14,2011-Q1,113.09999999999982,19.91197183098592
2011-01-17,2011-Q1,111.44999999999985,19.62147887323944
2011-01-18,2011-Q1,112.24999999999982,19.76232394366197
2011-01-19,2011-Q1,113.09999999999981,19.91197183098592
2011-01-20,2011-Q1,112.09999999999981,19.735915492957748
2011-01-21,2011-Q1,111.99999999999983,19.71830985915493
2011-01-24,2011-Q1,113.79999999999981,20.03521126760564
2011-01-25,2011-Q1,112.44999999999982,19.797535211267608
2011-01-26,2011-Q1,112.44999999999982,19.797535211267608
2011-01-27,2011-Q1,112.34999999999982,19.779929577464788
2011-01-28,2011-Q1,112.59999999999982,19.823943661971832
2011-01-31,2011-Q1,110.94999999999983,19.533450704225352
2011-02-01,2011-Q1,112.19999999999985,19.753521126760564
2011-02-02,2011-Q1,114.99999999999983,20.24647887323944
2011-02-03,2011-Q1,112.54999999999983,19.815140845070424
2011-02-04,2011-Q1,112.54999999999983,19.815140845070424
2011-02-07,2011-Q1,112.09999999999982,19.735915492957748
2011-02-08,2011-Q1,112.04999999999983,19.72711267605634
2011-02-09,2011-Q1,109.59999999999984,19.295774647887324
2011-02-10,2011-Q1,109.44999999999985,19.2693661971831
2011-02-11,2011-Q1,107.94999999999985,19.005281690140848
2011-02-14,2011-Q1,108.19999999999983,19.049295774647888
2011-02-15,2011-Q1,107.69999999999985,18.961267605633804
2011-02-16,2011-Q1,107.24999999999984,18.882042253521128
2011-02-17,2011-Q1,106.39999999999986,18.732394366197184
2011-02-18,2011-Q1,105.09999999999985,18.503521126760564
2011-02-21,2011-Q1,103.99999999999986,18.30985915492958
2011-02-22,2011-Q1,107.84999999999985,18.987676056338028
2011-02-23,2011-Q1,104.29999999999986,18.362676056338028
2011-02-24,2011-Q1,101.34999999999987,17.843309859154928
2011-02-25,2011-Q1,99.04999999999986,17.43838028169014
2011-02-28,2011-Q1,99.09999999999985,17.447183098591548
2011-03-01,2011-Q1,100.09999999999984,11.362088535754824
2011-03-02,2011-Q1,100.09999999999984,11.362088535754824
2011-03-03,2011-Q1,100.34999999999984,11.390465380249717
2011-03-04,2011-Q1,100.24999999999983,11.37911464245176
2011-03-07,2011-Q1,98.14999999999984,11.140749148694663
2011-03-08,2011-Q1,97.49999999999983,11.066969353007943
2011-03-09,2011-Q1,96.99999999999984,11.01021566401816
2011-03-10,2011-Q1,96.24999999999984,10.925085130533484
2011-03-11,2011-Q1,93.89999999999985,10.658342792281498
2011-03-14,2011-Q1,93.24999999999983,10.584562996594778
2011-03-15,2011-Q1,92.14999999999984,10.459704880817252
2011-03-16,2011-Q1,92.39999999999984,10.488081725312146
2011-03-17,2011-Q1,92.09999999999981,10.454029511918272
2011-03-18,2011-Q1,89.19999999999982,10.124858115777526
2011-03-21,2011-Q1,89.99999999999982,10.21566401816118
2011-03-22,2011-Q1,90.74999999999982,10.300794551645856
2011-03-23,2011-Q1,91.04999999999981,10.334846765039726
2011-03-24,2011-Q1,92.49999999999982,10.499432463110102
2011-03-25,2011-Q1,93.39999999999982,10.601589103291714
2011-03-28,2011-Q1,95.19999999999982,10.805902383654937
2011-03-29,2011-Q1,94.79999999999981,10.76049943246311
2011-03-30,2011-Q1,95.49999999999982,10.839954597048807
2011-03-31,2011-Q1,95.49999999999982,10.839954597048807
2011-04-01,2011-Q2,95.49999999999982,10.839954597048807
2011-04-04,2011-Q2,95.49999999999982,10.839954597048807
2011-04-05,2011-Q2,95.49999999999982,10.839954597048807
2011-04-06,2011-Q2,95.49999999999982,10.839954597048807
2011-04-07,2011-Q2,95.49999999999982,10.839954597048807
2011-04-08,2011-Q2,95.49999999999982,10.839954597048807
2011-04-11,2011-Q2,95.49999999999982,10.839954597048807
2011-04-12,2011-Q2,95.49999999999982,10.839954597048807
2011-04-13,2011-Q2,95.49999999999982,10.839954597048807
2011-04-14,2011-Q2,95.49999999999982,10.839954597048807
2011-04-15,2011-Q2,95.49999999999982,10.839954597048807
2011-04-18,2011-Q2,95.49999999999982,10.839954597048807
2011-04-19,2011-Q2,95.49999999999982,10.839954597048807
2011-04-20,2011-Q2,95.49999999999982,10.839954597048807
2011-04-21,2011-Q2,95.49999999999982,10.839954597048807
2011-04-22,2011-Q2,95.49999999999982,10.839954597048807
2011-04-25,2011-Q2,95.49999999999982,10.839954597048807
2011-04-26,2011-Q2,95.49999999999982,10.839954597048807
2011-04-27,2011-Q2,95.49999999999982,10.839954597048807
2011-04-28,2011-Q2,95.49999999999982,10.839954597048807
2011-04-29,2011-Q2,95.49999999999982,10.839954597048807
2011-05-02,2011-Q2,95.49999999999982,10.839954597048807
2011-05-03,2011-Q2,95.49999999999982,10.839954597048807
2011-05-04,2011-Q2,95.49999999999982,10.839954597048807
2011-05-05,2011-Q2,95.49999999999982,10.839954597048807
2011-05-06,2011-Q2,95.49999999999982,10.839954597048807
2011-05-09,2011-Q2,95.49999999999982,10.839954597048807
2011-05-10,2011-Q2,95.49999999999982,10.839954597048807
2011-05-11,2011-Q2,95.49999999999982,10.839954597048807
2011-05-12,2011-Q2,95.49999999999982,10.839954597048807
2011-05-13,2011-Q2,95.49999999999982,10.839954597048807
2011-05-16,2011-Q2,95.49999999999982,10.839954597048807
2011-05-17,2011-Q2,95.49999999999982,10.839954597048807
2011-05-18,2011-Q2,95.49999999999982,10.839954597048807
2011-05-19,2011-Q2,95.49999999999982,10.839954597048807
2011-05-20,2011-Q2,95.49999999999982,10.839954597048807
2011-05-23,2011-Q2,95.49999999999982,10.839954597048807
2011-05-24,2011-Q2,95.49999999999982,10.839954597048807
2011-05-25,2011-Q2,95.49999999999982,10.839954597048807
2011-05-26,2011-Q2,95.49999999999982,10.839954597048807
2011-05-27,2011-Q2,95.49999999999982,10.839954597048807
2011-05-30,2011-Q2,95.49999999999982,10.839954597048807
2011-05-31,2011-Q2,95.49999999999982,10.839954597048807
2011-06-01,2011-Q2,95.49999999999982,35.634328358208954
2011-06-02,2011-Q2,95.49999999999982,35.634328358208954
2011-06-03,2011-Q2,95.49999999999982,35.634328358208954
2011-06-06,2011-Q2,95.49999999999982,35.634328358208954
2011-06-07,2011-Q2,95.49999999999982,35.634328358208954
2011-06-08,2011-Q2,95.49999999999982,35.634328358208954
2011-06-09,2011-Q2,95.49999999999982,35.634328358208954
2011-06-10,2011-Q2,95.49999999999982,35.634328358208954
2011-06-13,2011-Q2,95.49999999999982,35.634328358208954
2011-06-14,2011-Q2,95.49999999999982,35.634328358208954
2011-06-15,2011-Q2,95.49999999999982,35.634328358208954
2011-06-16,2011-Q2,95.49999999999982,35.634328358208954
2011-06-17,2011-Q2,95.49999999999982,35.634328358208954
2011-06-20,2011-Q2,95.49999999999982,35.634328358208954
2011-06-21,2011-Q2,95.49999999999982,35.634328358208954
2011-06-22,2011-Q2,95.49999999999982,35.634328358208954
2011-06-23,2011-Q2,95.49999999999982,35.634328358208954
2011-06-24,2011-Q2,95.49999999999982,35.634328358208954
2011-06-27,2011-Q2,95.49999999999982,35.634328358208954
2011-06-28,2011-Q2,95.49999999999982,35.634328358208954
2011-06-29,2011-Q2,95.49999999999982,35.634328358208954
2011-06-30,2011-Q2,95.49999999999982,35.634328358208954
2011-07-01,2011-Q3,98.6999999999998,36.82835820895522
2011-07-04,2011-Q3,98.79999999999981,36.86567164179104
2011-07-05,2011-Q3,98.6499999999998,36.809701492537314
2011-07-06,2011-Q3,98.3499999999998,36.69776119402984
2011-07-07,2011-Q3,98.5999999999998,36.7910447761194
2011-07-08,2011-Q3,97.7499999999998,36.473880597014926
2011-07-11,2011-Q3,97.49999999999979,36.38059701492537
2011-07-12,2011-Q3,96.69999999999979,36.082089552238806
2011-07-13,2011-Q3,96.9999999999998,36.19402985074627
2011-07-14,2011-Q3,97.2999999999998,36.30597014925373
2011-07-15,2011-Q3,97.24999999999982,36.287313432835816
2011-07-18,2011-Q3,97.19999999999982,36.26865671641791
2011-07-19,2011-Q3,97.14999999999982,36.25
2011-07-20,2011-Q3,96.94999999999982,36.17537313432836
2011-07-21,2011-Q3,96.99999999999983,36.19402985074627
2011-07-22,2011-Q3,97.69999999999982,36.45522388059701
2011-07-25,2011-Q3,99.44999999999982,37.10820895522388
2011-07-26,2011-Q3,99.84999999999982,37.25746268656716
2011-07-27,2011-Q3,100.14999999999984,37.36940298507463
2011-07-28,2011-Q3,100.34999999999982,37.44402985074626
2011-07-29,2011-Q3,100.79999999999981,37.61194029850746
2011-08-01,2011-Q3,100.54999999999983,37.51865671641791
2011-08-02,2011-Q3,100.64999999999982,37.55597014925373
2011-08-03,2011-Q3,99.74999999999983,37.22014925373134
2011-08-04,2011-Q3,98.84999999999982,36.88432835820896
2011-08-05,2011-Q3,97.04999999999984,36.21268656716418
2011-08-08,2011-Q3,95.99999999999984,35.82089552238806
2011-08-09,2011-Q3,93.99999999999984,35.07462686567164
2011-08-10,2011-Q3,97.94999999999983,36.548507462686565
2011-08-11,2011-Q3,98.79999999999983,36.86567164179104
2011-08-12,2011-Q3,97.69999999999982,36.45522388059701
2011-08-15,2011-Q3,97.69999999999982,36.45522388059701
2011-08-16,2011-Q3,96.79999999999983,36.11940298507462
2011-08-17,2011-Q3,95.94999999999983,35.80223880597015
2011-08-18,2011-Q3,94.54999999999984,35.27985074626865
2011-08-19,2011-Q3,91.94999999999985,34.309701492537314
2011-08-22,2011-Q3,95.39999999999985,35.59701492537314
2011-08-23,2011-Q3,95.09999999999985,35.48507462686567
2011-08-24,2011-Q3,96.44999999999986,35.98880597014925
2011-08-25,2011-Q3,92.89999999999986,34.66417910447761
2011-08-26,2011-Q3,91.64999999999988,34.19776119402985
2011-08-29,2011-Q3,92.34999999999987,34.458955223880594
2011-08-30,2011-Q3,94.14999999999988,35.13059701492537
2011-08-31,2011-Q3,94.14999999999988,35.13059701492537
2011-09-01,2011-Q3,94.14999999999988,18.10576923076923
2011-09-02,2011-Q3,93.74999999999987,18.02884615384616
2011-09-05,2011-Q3,92.89999999999988,17.865384615384617
2011-09-06,2011-Q3,95.79999999999987,18.423076923076923
2011-09-07,2011-Q3,95.24999999999987,18.317307692307693
2011-09-08,2011-Q3,95.59999999999985,18.384615384615383
2011-09-09,2011-Q3,94.39999999999986,18.15384615384616
2011-09-12,2011-Q3,92.94999999999987,17.875
2011-09-13,2011-Q3,93.69999999999986,18.01923076923077
2011-09-14,2011-Q3,94.29999999999986,18.134615384615383
2011-09-15,2011-Q3,93.94999999999986,18.067307692307693
2011-09-16,2011-Q3,94.64999999999985,18.20192307692308
2011-09-19,2011-Q3,93.54999999999986,17.990384615384613
2011-09-20,2011-Q3,93.89999999999986,18.057692307692307
2011-09-21,2011-Q3,93.54999999999986,17.990384615384613
2011-09-22,2011-Q3,91.64999999999986,17.625
2011-09-23,2011-Q3,89.69999999999986,17.25
2011-09-26,2011-Q3,88.29999999999986,16.98076923076923
2011-09-27,2011-Q3,89.09999999999985,17.134615384615383
2011-09-28,2011-Q3,91.19999999999985,17.53846153846154
2011-09-29,2011-Q3,89.94999999999985,17.298076923076923
2011-09-30,2011-Q3,88.79999999999984,17.076923076923077
2011-10-03,2011-Q4,88.79999999999984,17.076923076923077
2011-10-04,2011-Q4,88.79999999999984,17.076923076923077
2011-10-05,2011-Q4,88.79999999999984,17.076923076923077
2011-10-06,2011-Q4,88.79999999999984,17.076923076923077
2011-10-07,2011-Q4,88.79999999999984,17.076923076923077
2011-10-10,2011-Q4,88.79999999999984,17.076923076923077
2011-10-11,2011-Q4,88.79999999999984,17.076923076923077
2011-10-12,2011-Q4,88.79999999999984,17.076923076923077
2011-10-13,2011-Q4,88.79999999999984,17.076923076923077
2011-10-14,2011-Q4,88.79999999999984,17.076923076923077
2011-10-17,2011-Q4,88.79999999999984,17.076923076923077
2011-10-18,2011-Q4,88.79999999999984,17.076923076923077
2011-10-19,2011-Q4,88.79999999999984,17.076923076923077
2011-10-20,2011-Q4,88.79999999999984,17.076923076923077
2011-10-21,2011-Q4,88.79999999999984,17.076923076923077
2011-10-24,2011-Q4,88.79999999999984,17.076923076923077
2011-10-25,2011-Q4,88.79999999999984,17.076923076923077
2011-10-26,2011-Q4,88.79999999999984,17.076923076923077
2011-10-27,2011-Q4,88.79999999999984,17.076923076923077
2011-10-28,2011-Q4,88.79999999999984,17.076923076923077
2011-10-31,2011-Q4,88.79999999999984,17.076923076923077
2011-11-01,2011-Q4,88.79999999999984,17.076923076923077
2011-11-02,2011-Q4,88.79999999999984,17.076923076923077
2011-11-03,2011-Q4,88.79999999999984,17.076923076923077
2011-11-04,2011-Q4,88.79999999999984,17.076923076923077
2011-11-07,2011-Q4,88.79999999999984,17.076923076923077
2011-11-08,2011-Q4,88.79999999999984,17.076923076923077
2011-11-09,2011-Q4,88.79999999999984,17.076923076923077
2011-11-10,2011-Q4,88.79999999999984,17.076923076923077
2011-11-11,2011-Q4,88.79999999999984,17.076923076923077
2011-11-14,2011-Q4,88.79999999999984,17.076923076923077
2011-11-15,2011-Q4,88.79999999999984,17.076923076923077
2011-11-16,2011-Q4,88.79999999999984,17.076923076923077
2011-11-17,2011-Q4,88.79999999999984,17.076923076923077
2011-11-18,2011-Q4,88.79999999999984,17.076923076923077
2011-11-21,2011-Q4,88.79999999999984,17.076923076923077
2011-11-22,2011-Q4,88.79999999999984,17.076923076923077
2011-11-23,2011-Q4,88.79999999999984,17.076923076923077
2011-11-24,2011-Q4,88.79999999999984,17.076923076923077
2011-11-25,2011-Q4,88.79999999999984,17.076923076923077
2011-11-28,2011-Q4,88.79999999999984,17.076923076923077
2011-11-29,2011-Q4,88.79999999999984,17.076923076923077
2011-11-30,2011-Q4,88.79999999999984,17.076923076923077
2011-12-01,2011-Q4,88.79999999999984,16.0
2011-12-02,2011-Q4,88.79999999999984,16.0
2011-12-05,2011-Q4,88.79999999999984,16.0
2011-12-06,2011-Q4,88.79999999999984,16.0
2011-12-07,2011-Q4,88.79999999999984,16.0
2011-12-08,2011-Q4,88.79999999999984,16.0
2011-12-09,2011-Q4,88.79999999999984,16.0
2011-12-12,2011-Q4,88.79999999999984,16.0
2011-12-13,2011-Q4,88.79999999999984,16.0
2011-12-14,2011-Q4,88.79999999999984,16.0
2011-12-15,2011-Q4,88.79999999999984,16.0
2011-12-16,2011-Q4,88.79999999999984,16.0
2011-12-19,2011-Q4,88.79999999999984,16.0
2011-12-20,2011-Q4,88.79999999999984,16.0
2011-12-21,2011-Q4,88.79999999999984,16.0
2011-12-22,2011-Q4,88.79999999999984,16.0
2011-12-23,2011-Q4,88.79999999999984,16.0
2011-12-26,2011-Q4,88.79999999999984,16.0
2011-12-27,2011-Q4,88.79999999999984,16.0
2011-12-28,2011-Q4,88.79999999999984,16.0
2011-12-29,2011-Q4,88.79999999999984,16.0
2011-12-30,2011-Q4,88.79999999999984,16.0
2012-01-02,2012-Q1,77.64999999999988,13.990990990990992
2012-01-03,2012-Q1,78.09999999999985,14.072072072072071
2012-01-04,2012-Q1,79.19999999999987,14.270270270270272
2012-01-05,2012-Q1,78.59999999999987,14.16216216216216
2012-01-06,2012-Q1,78.54999999999987,14.153153153153154
2012-01-07,2012-Q1,84.19999999999987,15.171171171171173
2012-01-09,2012-Q1,82.29999999999987,14.82882882882883
2012-01-10,2012-Q1,82.49999999999987,14.864864864864863
2012-01-11,2012-Q1,83.34999999999985,15.018018018018015
2012-01-12,2012-Q1,83.09999999999987,14.972972972972972
2012-01-13,2012-Q1,84.04999999999987,15.144144144144144
2012-01-16,2012-Q1,82.89999999999988,14.936936936936938
2012-01-17,2012-Q1,83.54999999999986,15.054054054054054
2012-01-18,2012-Q1,81.74999999999987,14.72972972972973
2012-01-19,2012-Q1,80.99999999999987,14.594594594594597
2012-01-20,2012-Q1,81.84999999999987,14.747747747747749
2012-01-23,2012-Q1,81.69999999999987,14.720720720720722
2012-01-24,2012-Q1,82.09999999999987,14.792792792792792
2012-01-25,2012-Q1,84.99999999999986,15.315315315315315
2012-01-26,2012-Q1,84.99999999999986,15.315315315315315
2012-01-27,2012-Q1,86.74999999999984,15.63063063063063
2012-01-30,2012-Q1,84.59999999999984,15.243243243243242
2012-01-31,2012-Q1,83.99999999999984,15.135135135135137
2012-02-01,2012-Q1,83.99999999999984,15.135135135135137
2012-02-02,2012-Q1,84.89999999999984,15.297297297297298
2012-02-03,2012-Q1,84.94999999999983,15.306306306306308
2012-02-06,2012-Q1,84.94999999999983,15.306306306306308
2012-02-07,2012-Q1,84.44999999999983,15.216216216216218
2012-02-08,2012-Q1,84.44999999999983,15.216216216216218
2012-02-09,2012-Q1,87.14999999999982,15.702702702702704
2012-02-10,2012-Q1,87.4999999999998,15.765765765765764
2012-02-13,2012-Q1,88.8499999999998,16.00900900900901
2012-02-14,2012-Q1,89.2499999999998,16.08108108108108
2012-02-15,2012-Q1,89.2999999999998,16.09009009009009
2012-02-16,2012-Q1,90.5999999999998,16.324324324324323
2012-02-17,2012-Q1,88.6499999999998,15.972972972972974
2012-02-20,2012-Q1,88.6499999999998,15.972972972972974
2012-02-21,2012-Q1,88.89999999999982,16.01801801801802
2012-02-22,2012-Q1,86.79999999999981,15.63963963963964
2012-02-23,2012-Q1,88.89999999999984,16.01801801801802
2012-02-24,2012-Q1,87.74999999999983,15.81081081081081
2012-02-27,2012-Q1,84.39999999999984,15.207207207207208
2012-02-28,2012-Q1,86.69999999999983,15.621621621621625
2012-02-29,2012-Q1,86.84999999999982,15.648648648648647
2012-03-01,2012-Q1,87.29999999999983,18.037190082644628
2012-03-02,2012-Q1,87.49999999999983,18.07851239669421
2012-03-03,2012-Q1,87.89999999999984,18.16115702479339
2012-03-05,2012-Q1,88.09999999999982,18.202479338842974
2012-03-06,2012-Q1,87.99999999999983,18.181818181818183
2012-03-07,2012-Q1,87.24999999999983,18.02685950413224
2012-03-08,2012-Q1,87.24999999999983,18.02685950413224
2012-03-09,2012-Q1,86.99999999999983,17.975206611570247
2012-03-12,2012-Q1,86.94999999999985,17.964876033057852
2012-03-13,2012-Q1,87.09999999999984,17.99586776859504
2012-03-14,2012-Q1,87.99999999999984,18.181818181818183
2012-03-15,2012-Q1,85.69999999999985,17.706611570247937
2012-03-16,2012-Q1,81.84999999999985,16.911157024793386
2012-03-19,2012-Q1,81.24999999999986,16.787190082644628
2012-03-20,2012-Q1,81.54999999999987,16.84917355371901
2012-03-21,2012-Q1,81.89999999999988,16.92148760330579
2012-03-22,2012-Q1,80.54999999999987,16.642561983471076
2012-03-23,2012-Q1,84.69999999999986,17.5
2012-03-26,2012-Q1,82.89999999999988,17.12809917355372
2012-03-27,2012-Q1,82.19999999999986,16.983471074380166
2012-03-28,2012-Q1,81.74999999999987,16.890495867768596
2012-03-29,2012-Q1,80.84999999999985,16.704545454545453
2012-03-30,2012-Q1,81.54999999999986,16.84917355371901
2012-04-02,2012-Q2,82.99999999999986,17.14876033057851
2012-04-03,2012-Q2,84.19999999999986,17.396694214876035
2012-04-04,2012-Q2,84.04999999999986,17.365702479338843
2012-04-05,2012-Q2,84.04999999999986,17.365702479338843
2012-04-06,2012-Q2,84.04999999999986,17.365702479338843
2012-04-09,2012-Q2,83.09999999999985,17.169421487603305
2012-04-10,2012-Q2,84.09999999999984,17.376033057851238
2012-04-11,2012-Q2,83.49999999999986,17.25206611570248
2012-04-12,2012-Q2,83.34999999999984,17.221074380165287
2012-04-13,2012-Q2,82.69999999999985,17.086776859504134
2012-04-16,2012-Q2,82.29999999999984,17.00413223140496
2012-04-17,2012-Q2,82.24999999999984,16.99380165289256
2012-04-18,2012-Q2,82.54999999999983,17.055785123966942
2012-04-19,2012-Q2,83.19999999999983,17.1900826446281
2012-04-20,2012-Q2,82.99999999999983,17.14876033057851
2012-04-23,2012-Q2,82.89999999999985,17.12809917355372
2012-04-24,2012-Q2,83.09999999999984,17.169421487603305
2012-04-25,2012-Q2,82.04999999999984,16.952479338842974
2012-04-26,2012-Q2,82.14999999999984,16.97314049586777
2012-04-27,2012-Q2,81.44999999999985,16.828512396694215
2012-04-28,2012-Q2,81.99999999999983,16.94214876033058
2012-04-30,2012-Q2,81.69999999999983,16.8801652892562
2012-05-01,2012-Q2,81.69999999999983,16.8801652892562
2012-05-02,2012-Q2,81.04999999999983,16.74586776859504
2012-05-03,2012-Q2,81.04999999999983,16.74586776859504
2012-05-04,2012-Q2,79.24999999999983,16.373966942148762
2012-05-07,2012-Q2,79.44999999999982,16.41528925619835
2012-05-08,2012-Q2,78.24999999999982,16.167355371900825
2012-05-09,2012-Q2,77.84999999999982,16.08471074380165
2012-05-10,2012-Q2,79.89999999999982,16.50826446280992
2012-05-11,2012-Q2,82.19999999999982,16.983471074380166
2012-05-14,2012-Q2,81.49999999999982,16.838842975206614
2012-05-15,2012-Q2,81.84999999999981,16.911157024793386
2012-05-16,2012-Q2,80.79999999999981,16.694214876033058
2012-05-17,2012-Q2,80.79999999999981,16.694214876033058
2012-05-18,2012-Q2,78.94999999999983,16.31198347107438
2012-05-21,2012-Q2,78.84999999999982,16.291322314049587
2012-05-22,2012-Q2,78.14999999999984,16.146694214876035
2012-05-23,2012-Q2,78.99999999999983,16.322314049586776
2012-05-24,2012-Q2,79.89999999999982,16.50826446280992
2012-05-25,2012-Q2,80.64999999999982,16.66322314049587
2012-05-28,2012-Q2,80.89999999999982,16.714876033057852
2012-05-29,2012-Q2,80.94999999999982,16.72520661157025
2012-05-30,2012-Q2,80.8499999999998,16.704545454545453
2012-05-31,2012-Q2,79.94999999999982,16.518595041322314
2012-06-01,2012-Q2,80.64999999999982,38.22274881516588
2012-06-04,2012-Q2,80.19999999999982,38.009478672985786
2012-06-05,2012-Q2,80.74999999999982,38.27014218009479
2012-06-06,2012-Q2,81.49999999999982,38.62559241706161
2012-06-07,2012-Q2,81.04999999999981,38.41232227488152
2012-06-08,2012-Q2,81.29999999999981,38.5308056872038
2012-06-11,2012-Q2,82.3499999999998,39.02843601895734
2012-06-12,2012-Q2,81.3999999999998,38.5781990521327
2012-06-13,2012-Q2,81.7999999999998,38.76777251184834
2012-06-14,2012-Q2,81.94999999999979,38.83886255924171
2012-06-15,2012-Q2,81.8999999999998,38.81516587677726
2012-06-18,2012-Q2,81.74999999999979,38.74407582938389
2012-06-19,2012-Q2,82.59999999999978,39.14691943127962
2012-06-20,2012-Q2,82.14999999999979,38.933649289099534
2012-06-21,2012-Q2,82.8499999999998,39.2654028436019
2012-06-22,2012-Q2,83.6499999999998,39.64454976303318
2012-06-25,2012-Q2,83.5999999999998,39.62085308056872
2012-06-26,2012-Q2,83.7999999999998,39.71563981042654
2012-06-27,2012-Q2,84.0499999999998,39.834123222748815
2012-06-28,2012-Q2,83.7499999999998,39.69194312796209
2012-06-29,2012-Q2,85.24999999999979,40.40284360189574
2012-07-02,2012-Q3,85.8499999999998,40.6872037914692
2012-07-03,2012-Q3,85.6499999999998,40.59241706161138
2012-07-04,2012-Q3,85.74999999999982,40.639810426540286
2012-07-05,2012-Q3,86.59999999999981,41.04265402843602
2012-07-06,2012-Q3,86.84999999999982,41.161137440758296
2012-07-09,2012-Q3,85.19999999999985,40.379146919431285
2012-07-10,2012-Q3,85.34999999999982,40.45023696682465
2012-07-11,2012-Q3,85.19999999999983,40.379146919431285
2012-07-12,2012-Q3,84.84999999999981,40.21327014218009
2012-07-13,2012-Q3,83.79999999999983,39.71563981042654
2012-07-16,2012-Q3,83.99999999999982,39.81042654028436
2012-07-17,2012-Q3,83.94999999999982,39.78672985781991
2012-07-18,2012-Q3,83.89999999999982,39.76303317535545
2012-07-19,2012-Q3,83.99999999999982,39.81042654028436
2012-07-20,2012-Q3,84.79999999999981,40.18957345971564
2012-07-23,2012-Q3,84.0999999999998,39.85781990521327
2012-07-24,2012-Q3,84.2999999999998,39.95260663507109
2012-07-25,2012-Q3,84.0999999999998,39.85781990521327
2012-07-26,2012-Q3,84.0499999999998,39.834123222748815
2012-07-27,2012-Q3,84.5499999999998,40.07109004739337
2012-07-30,2012-Q3,85.89999999999979,40.710900473933656
2012-07-31,2012-Q3,87.49999999999977,41.46919431279621
2012-08-01,2012-Q3,84.59999999999977,40.09478672985782
2012-08-02,2012-Q3,85.19999999999978,40.379146919431285
2012-08-03,2012-Q3,84.79999999999977,40.18957345971564
2012-08-06,2012-Q3,84.99999999999979,40.28436018957346
2012-08-07,2012-Q3,84.99999999999979,40.28436018957346
2012-08-08,2012-Q3,86.29999999999977,40.90047393364929
2012-08-09,2012-Q3,85.34999999999977,40.45023696682465
2012-08-10,2012-Q3,85.09999999999977,40.33175355450237
2012-08-13,2012-Q3,85.94999999999978,40.73459715639811
2012-08-14,2012-Q3,86.49999999999977,40.99526066350711
2012-08-15,2012-Q3,86.49999999999977,40.99526066350711
2012-08-16,2012-Q3,87.39999999999976,41.4218009478673
2012-08-17,2012-Q3,87.09999999999975,41.279620853080566
2012-08-20,2012-Q3,87.09999999999975,41.279620853080566
2012-08-21,2012-Q3,86.94999999999976,41.20853080568721
2012-08-22,2012-Q3,85.39999999999976,40.4739336492891
2012-08-23,2012-Q3,81.09999999999977,38.43601895734597
2012-08-24,2012-Q3,79.19999999999976,37.535545023696685
2012-08-27,2012-Q3,78.34999999999977,37.13270142180095
2012-08-28,2012-Q3,77.44999999999979,36.70616113744076
2012-08-29,2012-Q3,77.6499999999998,36.80094786729858
2012-08-30,2012-Q3,76.9999999999998,36.492890995260666
2012-08-31,2012-Q3,76.2499999999998,36.13744075829384
2012-09-03,2012-Q3,76.64999999999979,36.32701421800948
2012-09-04,2012-Q3,77.59999999999978,36.77725118483412
2012-09-05,2012-Q3,76.49999999999977,36.25592417061612
2012-09-06,2012-Q3,76.59999999999978,36.30331753554502
2012-09-07,2012-Q3,76.89999999999979,36.44549763033176
2012-09-08,2012-Q3,77.49999999999979,36.72985781990521
2012-09-10,2012-Q3,77.4499999999998,36.70616113744076
2012-09-11,2012-Q3,77.49999999999979,36.72985781990521
2012-09-12,2012-Q3,78.94999999999979,37.417061611374415
2012-09-13,2012-Q3,78.64999999999978,37.27488151658768
2012-09-14,2012-Q3,82.64999999999976,39.17061611374408
2012-09-17,2012-Q3,80.94999999999976,38.36492890995261
2012-09-18,2012-Q3,83.34999999999975,39.502369668246445
2012-09-19,2012-Q3,83.34999999999975,39.502369668246445
2012-09-20,2012-Q3,81.69999999999978,38.72037914691944
2012-09-21,2012-Q3,85.54999999999977,40.54502369668246
2012-09-24,2012-Q3,83.94999999999978,39.78672985781991
2012-09-25,2012-Q3,83.69999999999978,39.66824644549764
2012-09-26,2012-Q3,83.14999999999978,39.40758293838863
2012-09-27,2012-Q3,84.64999999999976,40.11848341232228
2012-09-28,2012-Q3,86.84999999999975,41.161137440758296
2012-10-01,2012-Q4,86.64999999999976,41.06635071090048
2012-10-02,2012-Q4,86.64999999999976,41.06635071090048
2012-10-03,2012-Q4,86.09999999999975,40.80568720379147
2012-10-04,2012-Q4,86.39999999999976,40.9478672985782
2012-10-05,2012-Q4,85.19999999999978,40.379146919431285
2012-10-08,2012-Q4,84.14999999999978,39.88151658767773
2012-10-09,2012-Q4,84.04999999999978,39.834123222748815
2012-10-10,2012-Q4,82.64999999999979,39.17061611374408
2012-10-11,2012-Q4,84.14999999999979,39.88151658767773
2012-10-12,2012-Q4,84.3999999999998,40.00000000000001
2012-10-15,2012-Q4,83.6499999999998,39.64454976303318
2012-10-16,2012-Q4,82.7499999999998,39.21800947867299
2012-10-17,2012-Q4,82.39999999999982,39.052132701421804
2012-10-18,2012-Q4,82.89999999999982,39.28909952606636
2012-10-19,2012-Q4,82.1999999999998,38.95734597156398
2012-10-22,2012-Q4,82.2999999999998,39.00473933649289
2012-10-23,2012-Q4,81.9999999999998,38.862559241706165
2012-10-24,2012-Q4,81.9999999999998,38.862559241706165
2012-10-25,2012-Q4,81.8499999999998,38.7914691943128
2012-10-26,2012-Q4,81.6499999999998,38.69668246445498
2012-10-29,2012-Q4,82.74999999999979,39.21800947867299
2012-10-30,2012-Q4,81.2499999999998,38.50710900473934
2012-10-31,2012-Q4,81.39999999999979,38.5781990521327
2012-11-01,2012-Q4,81.29999999999978,38.5308056872038
2012-11-02,2012-Q4,80.79999999999977,38.29383886255924
2012-11-05,2012-Q4,81.04999999999977,38.41232227488152
2012-11-06,2012-Q4,82.74999999999976,39.21800947867299
2012-11-07,2012-Q4,82.84999999999975,39.2654028436019
2012-11-08,2012-Q4,82.59999999999975,39.14691943127962
2012-11-09,2012-Q4,82.39999999999976,39.052132701421804
2012-11-12,2012-Q4,81.64999999999976,38.69668246445498
2012-11-13,2012-Q4,82.79999999999976,39.24170616113744
2012-11-14,2012-Q4,82.79999999999976,39.24170616113744
2012-11-15,2012-Q4,81.89999999999976,38.81516587677726
2012-11-16,2012-Q4,81.24999999999976,38.50710900473934
2012-11-19,2012-Q4,81.14999999999976,38.45971563981043
2012-11-20,2012-Q4,80.24999999999977,38.03317535545024
2012-11-21,2012-Q4,79.74999999999979,37.79620853080569
2012-11-22,2012-Q4,81.64999999999979,38.69668246445498
2012-11-23,2012-Q4,82.94999999999978,39.31279620853081
2012-11-26,2012-Q4,81.39999999999978,38.5781990521327
2012-11-27,2012-Q4,81.59999999999977,38.67298578199052
2012-11-28,2012-Q4,81.59999999999977,38.67298578199052
2012-11-29,2012-Q4,81.74999999999977,38.74407582938389
2012-11-30,2012-Q4,81.49999999999979,38.62559241706161
2012-12-03,2012-Q4,83.79999999999978,39.71563981042654
2012-12-04,2012-Q4,85.34999999999978,40.45023696682465
2012-12-05,2012-Q4,84.2499999999998,39.92890995260664
2012-12-06,2012-Q4,83.5999999999998,39.62085308056872
2012-12-07,2012-Q4,83.2499999999998,39.45497630331754
2012-12-10,2012-Q4,82.7999999999998,39.24170616113744
2012-12-11,2012-Q4,83.1999999999998,39.43127962085308
2012-12-12,2012-Q4,82.1999999999998,38.95734597156398
2012-12-13,2012-Q4,82.0499999999998,38.88625592417062
2012-12-14,2012-Q4,84.0499999999998,39.834123222748815
2012-12-17,2012-Q4,82.9999999999998,39.33649289099526
2012-12-18,2012-Q4,84.7499999999998,40.16587677725119
2012-12-19,2012-Q4,84.5999999999998,40.09478672985782
2012-12-20,2012-Q4,83.7499999999998,39.69194312796209
2012-12-21,2012-Q4,82.69999999999982,39.194312796208536
2012-12-24,2012-Q4,82.24999999999982,38.98104265402844
2012-12-25,2012-Q4,82.24999999999982,38.98104265402844
2012-12-26,2012-Q4,82.24999999999982,38.98104265402844
2012-12-27,2012-Q4,81.84999999999981,38.7914691943128
2012-12-28,2012-Q4,81.84999999999981,38.7914691943128
2012-12-31,2012-Q4,83.8999999999998,39.76303317535545
2013-01-01,2013-Q1,82.89999999999982,39.28909952606636
2013-01-02,2013-Q1,82.09999999999981,38.90995260663507
2013-01-03,2013-Q1,82.44999999999982,39.07582938388626
2013-01-04,2013-Q1,82.69999999999982,39.194312796208536
2013-01-07,2013-Q1,82.89999999999982,39.28909952606636
2013-01-08,2013-Q1,82.7499999999998,39.21800947867299
2013-01-09,2013-Q1,82.5499999999998,39.12322274881517
2013-01-10,2013-Q1,82.29999999999981,39.00473933649289
2013-01-11,2013-Q1,81.8499999999998,38.7914691943128
2013-01-14,2013-Q1,81.1499999999998,38.45971563981043
2013-01-15,2013-Q1,79.9499999999998,37.89099526066351
2013-01-16,2013-Q1,80.1499999999998,37.98578199052133
2013-01-17,2013-Q1,80.3499999999998,38.08056872037915
2013-01-18,2013-Q1,80.8499999999998,38.317535545023695
2013-01-21,2013-Q1,80.9499999999998,38.36492890995261
2013-01-22,2013-Q1,80.6999999999998,38.24644549763033
2013-01-23,2013-Q1,80.2499999999998,38.03317535545024
2013-01-24,2013-Q1,78.94999999999982,37.417061611374415
2013-01-25,2013-Q1,78.84999999999981,37.3696682464455
2013-01-28,2013-Q1,78.89999999999982,37.39336492890996
2013-01-29,2013-Q1,78.74999999999982,37.32227488151659
2013-01-30,2013-Q1,79.44999999999982,37.65402843601896
2013-01-31,2013-Q1,83.1499999999998,39.40758293838863
2013-02-01,2013-Q1,81.29999999999981,38.5308056872038
2013-02-04,2013-Q1,80.39999999999982,38.10426540284361
2013-02-05,2013-Q1,79.39999999999984,37.63033175355451
2013-02-06,2013-Q1,78.89999999999984,37.39336492890996
2013-02-07,2013-Q1,78.19999999999985,37.06161137440758
2013-02-08,2013-Q1,75.54999999999984,35.80568720379147
2013-02-11,2013-Q1,75.44999999999985,35.75829383886256
2013-02-12,2013-Q1,76.29999999999986,36.161137440758296
2013-02-13,2013-Q1,76.39999999999985,36.20853080568721
2013-02-14,2013-Q1,76.19999999999985,36.11374407582939
2013-02-15,2013-Q1,75.44999999999985,35.75829383886256
2013-02-18,2013-Q1,76.99999999999984,36.492890995260666
2013-02-19,2013-Q1,77.79999999999984,36.87203791469194
2013-02-20,2013-Q1,77.79999999999984,36.87203791469194
2013-02-21,2013-Q1,75.54999999999984,35.80568720379147
2013-02-22,2013-Q1,76.39999999999985,36.20853080568721
2013-02-25,2013-Q1,76.14999999999985,36.09004739336493
2013-02-26,2013-Q1,75.84999999999985,35.9478672985782
2013-02-27,2013-Q1,76.24999999999986,36.13744075829384
2013-02-28,2013-Q1,76.79999999999986,36.39810426540284
2013-03-01,2013-Q1,75.94999999999986,17.540415704387993
2013-03-04,2013-Q1,73.69999999999987,17.02078521939954
2013-03-05,2013-Q1,74.04999999999987,17.10161662817552
2013-03-06,2013-Q1,74.89999999999989,17.297921478060047
2013-03-07,2013-Q1,74.34999999999988,17.170900692840647
2013-03-08,2013-Q1,74.64999999999988,17.240184757505773
2013-03-11,2013-Q1,73.89999999999988,17.066974595842957
2013-03-12,2013-Q1,73.99999999999986,17.090069284064665
2013-03-13,2013-Q1,73.24999999999986,16.916859122401846
2013-03-14,2013-Q1,73.09999999999985,16.882217090069283
2013-03-15,2013-Q1,73.24999999999986,16.916859122401846
2013-03-18,2013-Q1,73.29999999999986,16.9284064665127
2013-03-19,2013-Q1,72.54999999999986,16.755196304849882
2013-03-20,2013-Q1,72.04999999999987,16.639722863741337
2013-03-21,2013-Q1,71.14999999999988,16.43187066974596
2013-03-22,2013-Q1,71.24999999999987,16.454965357967666
2013-03-25,2013-Q1,71.69999999999986,16.55889145496536
2013-03-26,2013-Q1,72.29999999999986,16.69745958429561
2013-03-27,2013-Q1,72.29999999999986,16.69745958429561
2013-03-28,2013-Q1,75.74999999999984,17.494226327944574
2013-03-29,2013-Q1,75.74999999999984,17.494226327944574
2013-04-01,2013-Q2,77.79999999999984,17.967667436489606
2013-04-02,2013-Q2,75.04999999999984,17.33256351039261
2013-04-03,2013-Q2,75.19999999999985,17.367205542725173
2013-04-04,2013-Q2,73.89999999999985,17.066974595842957
2013-04-05,2013-Q2,72.29999999999984,16.69745958429561
2013-04-08,2013-Q2,72.99999999999984,16.859122401847575
2013-04-09,2013-Q2,72.79999999999984,16.812933025404156
2013-04-10,2013-Q2,73.09999999999984,16.882217090069283
2013-04-11,2013-Q2,73.64999999999985,17.009237875288683
2013-04-12,2013-Q2,73.79999999999984,17.043879907621246
2013-04-15,2013-Q2,73.89999999999986,17.066974595842957
2013-04-16,2013-Q2,73.34999999999985,16.939953810623557
2013-04-17,2013-Q2,75.59999999999984,17.459584295612007
2013-04-18,2013-Q2,76.19999999999985,17.598152424942263
2013-04-19,2013-Q2,76.19999999999985,17.598152424942263
2013-04-22,2013-Q2,75.94999999999985,17.540415704387993
2013-04-23,2013-Q2,80.64999999999984,18.62586605080832
2013-04-24,2013-Q2,80.64999999999984,18.62586605080832
2013-04-25,2013-Q2,81.59999999999981,18.845265588914547
2013-04-26,2013-Q2,78.79999999999983,18.198614318706696
2013-04-29,2013-Q2,78.54999999999983,18.140877598152425
2013-04-30,2013-Q2,78.59999999999984,18.15242494226328
2013-05-01,2013-Q2,78.59999999999984,18.15242494226328
2013-05-02,2013-Q2,77.29999999999983,17.85219399538106
2013-05-03,2013-Q2,76.54999999999983,17.678983833718245
2013-05-06,2013-Q2,76.84999999999984,17.74826789838337
2013-05-07,2013-Q2,77.64999999999985,17.933025404157046
2013-05-08,2013-Q2,84.29999999999983,19.46882217090069
2013-05-09,2013-Q2,84.04999999999983,19.41108545034642
2013-05-10,2013-Q2,83.84999999999982,19.364896073903
2013-05-11,2013-Q2,83.84999999999982,19.364896073903
2013-05-13,2013-Q2,83.29999999999981,19.2378752886836
2013-05-14,2013-Q2,84.29999999999981,19.46882217090069
2013-05-15,2013-Q2,83.99999999999982,19.399538106235564
2013-05-16,2013-Q2,85.8499999999998,19.82678983833718
2013-05-17,2013-Q2,83.4999999999998,19.28406466512702
2013-05-20,2013-Q2,83.39999999999982,19.26096997690531
2013-05-21,2013-Q2,82.94999999999982,19.157043879907626
2013-05-22,2013-Q2,82.04999999999983,18.94919168591224
2013-05-23,2013-Q2,81.04999999999983,18.71824480369515
2013-05-24,2013-Q2,81.14999999999985,18.74133949191686
2013-05-27,2013-Q2,82.34999999999984,19.01847575057737
2013-05-28,2013-Q2,80.24999999999986,18.53348729792148
2013-05-29,2013-Q2,79.79999999999987,18.429561200923786
2013-05-30,2013-Q2,79.39999999999988,18.337182448036952
2013-05-31,2013-Q2,77.94999999999986,18.002309468822173
2013-06-03,2013-Q2,78.24999999999986,18.0715935334873
2013-06-04,2013-Q2,78.49999999999984,18.12933025404157
2013-06-05,2013-Q2,79.09999999999984,18.267898383371826
2013-06-06,2013-Q2,78.69999999999985,18.175519630484988
2013-06-07,2013-Q2,78.89999999999985,18.221709006928407
2013-06-10,2013-Q2,78.99999999999984,18.244803695150114
2013-06-11,2013-Q2,77.89999999999984,17.990762124711317
2013-06-12,2013-Q2,77.49999999999983,17.89838337182448
2013-06-13,2013-Q2,77.09999999999982,17.806004618937642
2013-06-14,2013-Q2,77.34999999999982,17.863741339491916
2013-06-17,2013-Q2,76.94999999999983,17.771362586605083
2013-06-18,2013-Q2,77.14999999999984,17.8175519630485
2013-06-19,2013-Q2,77.89999999999984,17.990762124711317
2013-06-20,2013-Q2,76.94999999999983,17.771362586605083
2013-06-21,2013-Q2,74.49999999999984,17.20554272517321
2013-06-24,2013-Q2,73.99999999999984,17.090069284064665
2013-06-25,2013-Q2,75.59999999999984,17.459584295612007
2013-06-26,2013-Q2,75.04999999999984,17.33256351039261
2013-06-27,2013-Q2,74.89999999999985,17.297921478060047
2013-06-28,2013-Q2,75.04999999999983,17.33256351039261
2013-07-01,2013-Q3,76.69999999999985,17.71362586605081
2013-07-02,2013-Q3,75.09999999999984,17.344110854503462
2013-07-03,2013-Q3,75.09999999999984,17.344110854503462
2013-07-04,2013-Q3,75.14999999999985,17.35565819861432
2013-07-05,2013-Q3,74.94999999999985,17.309468822170903
2013-07-08,2013-Q3,75.19999999999983,17.367205542725173
2013-07-09,2013-Q3,74.99999999999983,17.321016166281755
2013-07-10,2013-Q3,74.89999999999984,17.297921478060047
2013-07-11,2013-Q3,75.19999999999983,17.367205542725173
2013-07-12,2013-Q3,75.19999999999983,17.367205542725173
2013-07-15,2013-Q3,75.39999999999984,17.413394919168592
2013-07-16,2013-Q3,75.24999999999983,17.37875288683603
2013-07-17,2013-Q3,75.49999999999983,17.4364896073903
2013-07-18,2013-Q3,75.29999999999983,17.39030023094688
2013-07-19,2013-Q3,75.44999999999982,17.424942263279448
2013-07-22,2013-Q3,76.54999999999981,17.678983833718245
2013-07-23,2013-Q3,76.14999999999982,17.58660508083141
2013-07-24,2013-Q3,75.59999999999981,17.459584295612007
2013-07-25,2013-Q3,76.19999999999982,17.598152424942263
2013-07-26,2013-Q3,75.09999999999981,17.344110854503462
2013-07-29,2013-Q3,74.89999999999982,17.297921478060047
2013-07-30,2013-Q3,74.34999999999981,17.170900692840647
2013-07-31,2013-Q3,73.79999999999981,17.043879907621246
2013-08-01,2013-Q3,72.84999999999982,16.82448036951501
2013-08-02,2013-Q3,72.74999999999983,16.8013856812933
2013-08-05,2013-Q3,72.69999999999983,16.78983833718245
2013-08-06,2013-Q3,70.74999999999984,16.33949191685912
2013-08-07,2013-Q3,71.24999999999986,16.454965357967666
2013-08-08,2013-Q3,71.54999999999986,16.524249422632792
2013-08-09,2013-Q3,71.54999999999986,16.524249422632792
2013-08-12,2013-Q3,72.14999999999986,16.662817551963048
2013-08-13,2013-Q3,72.19999999999986,16.674364896073904
2013-08-14,2013-Q3,72.34999999999984,16.709006928406463
2013-08-15,2013-Q3,72.34999999999984,16.709006928406463
2013-08-16,2013-Q3,71.29999999999984,16.46651270207852
2013-08-19,2013-Q3,69.79999999999986,16.120092378752886
2013-08-20,2013-Q3,69.99999999999986,16.166281755196305
2013-08-21,2013-Q3,69.29999999999987,16.00461893764434
2013-08-22,2013-Q3,65.49999999999987,15.1270207852194
2013-08-23,2013-Q3,65.24999999999989,15.069284064665126
2013-08-26,2013-Q3,65.04999999999988,15.023094688221708
2013-08-27,2013-Q3,63.24999999999988,14.607390300230946
2013-08-28,2013-Q3,61.09999999999988,14.110854503464203
2013-08-29,2013-Q3,59.94999999999988,13.84526558891455
2013-08-30,2013-Q3,60.59999999999987,13.995381062355658
2013-09-02,2013-Q3,60.34999999999988,13.937644341801386
2013-09-03,2013-Q3,59.74999999999988,13.799076212471132
2013-09-04,2013-Q3,59.89999999999987,13.833718244803697
2013-09-05,2013-Q3,60.29999999999987,13.92609699769053
2013-09-06,2013-Q3,60.69999999999988,14.018475750577368
2013-09-09,2013-Q3,60.69999999999988,14.018475750577368
2013-09-10,2013-Q3,61.049999999999876,14.099307159353348
2013-09-11,2013-Q3,60.44999999999989,13.960739030023095
2013-09-12,2013-Q3,60.79999999999988,14.041570438799075
2013-09-13,2013-Q3,61.599999999999895,14.226327944572748
2013-09-16,2013-Q3,60.99999999999989,14.087759815242494
2013-09-17,2013-Q3,60.89999999999989,14.064665127020785
2013-09-18,2013-Q3,60.3499999999999,13.937644341801386
2013-09-19,2013-Q3,60.849999999999895,14.053117782909933
2013-09-20,2013-Q3,60.64999999999989,14.006928406466512
2013-09-23,2013-Q3,60.449999999999896,13.960739030023095
2013-09-24,2013-Q3,60.449999999999896,13.960739030023095
2013-09-25,2013-Q3,59.899999999999885,13.833718244803697
2013-09-26,2013-Q3,60.399999999999885,13.94919168591224
2013-09-27,2013-Q3,59.899999999999885,13.833718244803697
2013-09-30,2013-Q3,59.79999999999988,13.810623556581984
2013-10-01,2013-Q4,59.64999999999989,13.775981524249422
2013-10-02,2013-Q4,59.64999999999989,13.775981524249422
2013-10-03,2013-Q4,60.29999999999988,13.92609699769053
2013-10-04,2013-Q4,59.79999999999988,13.810623556581984
2013-10-07,2013-Q4,59.999999999999886,13.856812933025404
2013-10-08,2013-Q4,60.149999999999885,13.891454965357967
2013-10-09,2013-Q4,59.84999999999989,13.82217090069284
2013-10-10,2013-Q4,61.399999999999885,14.18013856812933
2013-10-11,2013-Q4,61.94999999999989,14.30715935334873
2013-10-14,2013-Q4,61.94999999999989,14.30715935334873
2013-10-15,2013-Q4,61.29999999999988,14.15704387990762
2013-10-16,2013-Q4,61.29999999999988,14.15704387990762
2013-10-17,2013-Q4,60.29999999999988,13.92609699769053
2013-10-18,2013-Q4,60.59999999999989,13.995381062355658
2013-10-21,2013-Q4,60.74999999999989,14.030023094688222
2013-10-22,2013-Q4,60.899999999999885,14.064665127020785
2013-10-23,2013-Q4,61.29999999999988,14.15704387990762
2013-10-24,2013-Q4,60.899999999999885,14.064665127020785
2013-10-25,2013-Q4,60.849999999999895,14.053117782909933
2013-10-28,2013-Q4,61.049999999999876,14.099307159353348
2013-10-29,2013-Q4,61.69999999999988,14.249422632794458
2013-10-30,2013-Q4,62.24999999999988,14.376443418013857
2013-10-31,2013-Q4,61.399999999999885,14.18013856812933
2013-11-01,2013-Q4,62.049999999999876,14.330254041570438
2013-11-03,2013-Q4,63.299999999999876,14.6189376443418
2013-11-04,2013-Q4,63.299999999999876,14.6189376443418
2013-11-05,2013-Q4,64.74999999999989,14.95381062355658
2013-11-06,2013-Q4,65.29999999999987,15.08083140877598
2013-11-07,2013-Q4,66.09999999999988,15.265588914549651
2013-11-08,2013-Q4,64.09999999999988,14.803695150115471
2013-11-11,2013-Q4,63.74999999999989,14.722863741339491
2013-11-12,2013-Q4,63.74999999999989,14.722863741339491
2013-11-13,2013-Q4,63.599999999999895,14.688221709006928
2013-11-14,2013-Q4,63.69999999999989,14.711316397228638
2013-11-15,2013-Q4,63.69999999999989,14.711316397228638
2013-11-18,2013-Q4,64.49999999999987,14.896073903002309
2013-11-19,2013-Q4,65.29999999999987,15.08083140877598
2013-11-20,2013-Q4,65.94999999999986,15.23094688221709
2013-11-21,2013-Q4,65.99999999999986,15.242494226327944
2013-11-22,2013-Q4,66.14999999999986,15.277136258660509
2013-11-25,2013-Q4,66.49999999999986,15.357967667436489
2013-11-26,2013-Q4,63.69999999999987,14.711316397228638
2013-11-27,2013-Q4,63.24999999999987,14.607390300230946
2013-11-28,2013-Q4,64.64999999999988,14.930715935334874
2013-11-29,2013-Q4,64.94999999999987,15.0
2013-12-02,2013-Q4,65.04999999999987,15.023094688221708
2013-12-03,2013-Q4,65.49999999999987,15.1270207852194
2013-12-04,2013-Q4,66.19999999999987,15.288683602771362
2013-12-05,2013-Q4,66.44999999999987,15.346420323325637
2013-12-06,2013-Q4,66.49999999999987,15.357967667436489
2013-12-09,2013-Q4,66.99999999999989,15.473441108545034
2013-12-10,2013-Q4,67.39999999999989,15.565819861431873
2013-12-11,2013-Q4,68.49999999999987,15.81986143187067
2013-12-12,2013-Q4,67.94999999999987,15.69284064665127
2013-12-13,2013-Q4,66.69999999999987,15.404157043879907
2013-12-16,2013-Q4,67.24999999999987,15.531177829099306
2013-12-17,2013-Q4,67.24999999999987,15.531177829099306
2013-12-18,2013-Q4,67.94999999999989,15.69284064665127
2013-12-19,2013-Q4,67.74999999999989,15.646651270207853
2013-12-20,2013-Q4,66.59999999999988,15.381062355658196
2013-12-23,2013-Q4,67.69999999999989,15.635103926096996
2013-12-24,2013-Q4,68.09999999999988,15.727482678983831
2013-12-25,2013-Q4,68.09999999999988,15.727482678983831
2013-12-26,2013-Q4,68.79999999999988,15.889145496535797
2013-12-27,2013-Q4,69.84999999999988,16.13163972286374
2013-12-30,2013-Q4,72.34999999999988,16.709006928406463
2013-12-31,2013-Q4,75.89999999999989,17.528868360277137
2014-01-01,2014-Q1,76.79999999999988,17.736720554272516
2014-01-02,2014-Q1,75.59999999999988,17.459584295612007
2014-01-03,2014-Q1,75.99999999999989,17.551963048498845
2014-01-06,2014-Q1,76.2999999999999,17.62124711316397
2014-01-07,2014-Q1,75.64999999999989,17.471131639722866
2014-01-08,2014-Q1,75.19999999999989,17.367205542725173
2014-01-09,2014-Q1,75.44999999999989,17.424942263279448
2014-01-10,2014-Q1,76.04999999999988,17.5635103926097
2014-01-13,2014-Q1,73.69999999999989,17.02078521939954
2014-01-14,2014-Q1,73.54999999999988,16.986143187066972
2014-01-15,2014-Q1,73.44999999999987,16.963048498845264
2014-01-16,2014-Q1,73.19999999999989,16.905311778290994
2014-01-17,2014-Q1,72.54999999999988,16.755196304849882
2014-01-20,2014-Q1,72.14999999999989,16.662817551963048
2014-01-21,2014-Q1,71.8499999999999,16.59353348729792
2014-01-22,2014-Q1,73.49999999999989,16.97459584295612
2014-01-23,2014-Q1,72.74999999999989,16.8013856812933
2014-01-24,2014-Q1,72.44999999999989,16.732101616628174
2014-01-27,2014-Q1,71.84999999999988,16.59353348729792
2014-01-28,2014-Q1,72.59999999999987,16.766743648960738
2014-01-29,2014-Q1,73.49999999999986,16.97459584295612
2014-01-30,2014-Q1,70.09999999999987,16.189376443418013
2014-01-31,2014-Q1,71.54999999999987,16.524249422632792
2014-02-03,2014-Q1,69.64999999999988,16.085450346420323
2014-02-04,2014-Q1,69.99999999999987,16.166281755196305
2014-02-05,2014-Q1,70.99999999999987,16.397228637413395
2014-02-06,2014-Q1,71.24999999999989,16.454965357967666
2014-02-07,2014-Q1,70.99999999999989,16.397228637413395
2014-02-10,2014-Q1,70.69999999999989,16.32794457274827
2014-02-11,2014-Q1,70.44999999999989,16.270207852193995
2014-02-12,2014-Q1,70.44999999999989,16.270207852193995
2014-02-13,2014-Q1,69.39999999999989,16.027713625866053
2014-02-14,2014-Q1,70.19999999999989,16.212471131639724
2014-02-17,2014-Q1,70.14999999999989,16.20092378752887
2014-02-18,2014-Q1,69.79999999999988,16.120092378752886
2014-02-19,2014-Q1,69.79999999999988,16.120092378752886
2014-02-20,2014-Q1,69.39999999999989,16.027713625866053
2014-02-21,2014-Q1,70.19999999999989,16.212471131639724
2014-02-24,2014-Q1,69.84999999999988,16.13163972286374
2014-02-25,2014-Q1,69.1499999999999,15.96997690531178
2014-02-26,2014-Q1,71.4499999999999,16.501154734411084
2014-02-27,2014-Q1,71.4499999999999,16.501154734411084
2014-02-28,2014-Q1,70.0999999999999,16.189376443418013
2014-03-03,2014-Q1,69.74999999999989,16.10854503464203
2014-03-04,2014-Q1,70.2499999999999,16.224018475750576
2014-03-05,2014-Q1,70.2499999999999,16.224018475750576
2014-03-06,2014-Q1,72.9999999999999,16.859122401847575
2014-03-07,2014-Q1,73.3999999999999,16.951501154734412
2014-03-10,2014-Q1,73.3999999999999,16.951501154734412
2014-03-11,2014-Q1,73.2999999999999,16.9284064665127
2014-03-12,2014-Q1,74.5999999999999,17.228637413394917
2014-03-13,2014-Q1,73.14999999999992,16.893764434180138
2014-03-14,2014-Q1,71.99999999999991,16.628175519630485
2014-03-17,2014-Q1,71.99999999999991,16.628175519630485
2014-03-18,2014-Q1,71.79999999999991,16.581986143187066
2014-03-19,2014-Q1,72.3499999999999,16.709006928406463
2014-03-20,2014-Q1,71.8499999999999,16.59353348729792
2014-03-21,2014-Q1,72.2499999999999,16.685912240184756
2014-03-22,2014-Q1,73.4999999999999,16.97459584295612
2014-03-24,2014-Q1,72.5499999999999,16.755196304849882
2014-03-25,2014-Q1,73.69999999999989,17.02078521939954
2014-03-26,2014-Q1,74.34999999999988,17.170900692840647
2014-03-27,2014-Q1,74.44999999999987,17.193995381062358
2014-03-28,2014-Q1,75.84999999999987,17.51732101616628
2014-03-31,2014-Q1,78.29999999999986,18.08314087759815
2014-04-01,2014-Q2,75.89999999999988,17.528868360277137
2014-04-02,2014-Q2,77.94999999999986,18.002309468822173
2014-04-03,2014-Q2,76.74999999999986,17.725173210161664
2014-04-04,2014-Q2,76.89999999999988,17.759815242494227
2014-04-07,2014-Q2,77.09999999999988,17.806004618937642
2014-04-08,2014-Q2,77.09999999999988,17.806004618937642
2014-04-09,2014-Q2,77.99999999999989,18.013856812933025
2014-04-10,2014-Q2,82.54999999999987,19.064665127020785
2014-04-11,2014-Q2,83.59999999999988,19.307159353348727
2014-04-14,2014-Q2,83.59999999999988,19.307159353348727
2014-04-15,2014-Q2,81.0999999999999,18.729792147806
2014-04-16,2014-Q2,81.19999999999989,18.75288683602772
2014-04-17,2014-Q2,83.4999999999999,19.28406466512702
2014-04-18,2014-Q2,83.4999999999999,19.28406466512702
2014-04-21,2014-Q2,83.44999999999989,19.272517321016167
2014-04-22,2014-Q2,83.99999999999989,19.399538106235564
2014-04-23,2014-Q2,88.14999999999989,20.35796766743649
2014-04-24,2014-Q2,88.14999999999989,20.35796766743649
2014-04-25,2014-Q2,86.44999999999989,19.96535796766744
2014-04-28,2014-Q2,85.74999999999989,19.80369515011548
2014-04-29,2014-Q2,83.64999999999989,19.318706697459582
2014-04-30,2014-Q2,80.49999999999989,18.59122401847575
2014-05-01,2014-Q2,80.49999999999989,18.59122401847575
2014-05-02,2014-Q2,80.3999999999999,18.56812933025404
2014-05-05,2014-Q2,80.14999999999989,18.51039260969977
2014-05-06,2014-Q2,80.34999999999988,18.556581986143183
2014-05-07,2014-Q2,80.44999999999989,18.579676674364897
2014-05-08,2014-Q2,81.79999999999987,18.89145496535797
2014-05-09,2014-Q2,84.14999999999988,19.43418013856813
2014-05-12,2014-Q2,83.14999999999988,19.20323325635104
2014-05-13,2014-Q2,86.69999999999987,20.023094688221708
2014-05-14,2014-Q2,89.19999999999986,20.60046189376444
2014-05-15,2014-Q2,89.44999999999986,20.658198614318707
2014-05-16,2014-Q2,91.74999999999986,21.189376443418013
2014-05-19,2014-Q2,95.44999999999985,22.04387990762125
2014-05-20,2014-Q2,94.14999999999986,21.74364896073903
2014-05-21,2014-Q2,96.49999999999984,22.28637413394919
2014-05-22,2014-Q2,95.24999999999983,21.997690531177827
2014-05-23,2014-Q2,96.39999999999984,22.263279445727484
2014-05-26,2014-Q2,95.69999999999985,22.10161662817552
2014-05-27,2014-Q2,92.94999999999985,21.46651270207852
2014-05-28,2014-Q2,96.69999999999982,22.33256351039261
2014-05-29,2014-Q2,94.34999999999984,21.789838337182445
2014-05-30,2014-Q2,93.94999999999985,21.69745958429561
2014-06-02,2014-Q2,95.19999999999983,21.98614318706697
2014-06-03,2014-Q2,94.94999999999985,21.9284064665127
2014-06-04,2014-Q2,101.84999999999982,23.521939953810623
2014-06-05,2014-Q2,104.8499999999998,24.214780600461893
2014-06-06,2014-Q2,103.74999999999982,23.96073903002309
2014-06-09,2014-Q2,103.8999999999998,23.99538106235566
2014-06-10,2014-Q2,99.9999999999998,23.094688221709006
2014-06-11,2014-Q2,99.34999999999981,22.9445727482679
2014-06-12,2014-Q2,100.9999999999998,23.325635103926096
2014-06-13,2014-Q2,96.7499999999998,22.344110854503462
2014-06-16,2014-Q2,98.5499999999998,22.759815242494227
2014-06-17,2014-Q2,103.74999999999979,23.96073903002309
2014-06-18,2014-Q2,103.94999999999979,24.00692840646652
2014-06-19,2014-Q2,102.04999999999978,23.56812933025404
2014-06-20,2014-Q2,99.74999999999979,23.036951501154736
2014-06-23,2014-Q2,100.74999999999977,23.267898383371826
2014-06-24,2014-Q2,102.14999999999978,23.59122401847576
2014-06-25,2014-Q2,102.89999999999978,23.76443418013857
2014-06-26,2014-Q2,103.44999999999979,23.89145496535797
2014-06-27,2014-Q2,103.34999999999978,23.86836027713625
2014-06-30,2014-Q2,104.74999999999979,24.191685912240185
2014-07-01,2014-Q3,108.64999999999979,25.09237875288684
2014-07-02,2014-Q3,109.89999999999979,25.3810623556582
2014-07-03,2014-Q3,109.99999999999979,25.404157043879906
2014-07-04,2014-Q3,111.59999999999977,25.77367205542725
2014-07-07,2014-Q3,109.59999999999977,25.311778290993068
2014-07-08,2014-Q3,104.44999999999978,24.12240184757506
2014-07-09,2014-Q3,100.7499999999998,23.267898383371826
2014-07-10,2014-Q3,102.4999999999998,23.67205542725173
2014-07-11,2014-Q3,99.4999999999998,22.97921478060046
2014-07-14,2014-Q3,97.84999999999978,22.59815242494226
2014-07-15,2014-Q3,98.94999999999979,22.85219399538106
2014-07-16,2014-Q3,101.99999999999979,23.556581986143183
2014-07-17,2014-Q3,103.89999999999979,23.99538106235566
2014-07-18,2014-Q3,107.54999999999977,24.83833718244804
2014-07-21,2014-Q3,106.04999999999977,24.4919168591224
2014-07-22,2014-Q3,105.04999999999977,24.26096997690531
2014-07-23,2014-Q3,103.64999999999979,23.937644341801388
2014-07-24,2014-Q3,102.69999999999979,23.71824480369515
2014-07-25,2014-Q3,102.0499999999998,23.56812933025404
2014-07-28,2014-Q3,101.9499999999998,23.54503464203233
2014-07-29,2014-Q3,101.9499999999998,23.54503464203233
2014-07-30,2014-Q3,91.74999999999983,21.189376443418013
2014-07-31,2014-Q3,92.74999999999983,21.420323325635103
2014-08-01,2014-Q3,89.74999999999983,20.72748267898384
2014-08-04,2014-Q3,91.14999999999985,21.05080831408776
2014-08-05,2014-Q3,91.04999999999986,21.02771362586605
2014-08-06,2014-Q3,89.99999999999986,20.785219399538107
2014-08-07,2014-Q3,90.49999999999984,20.90069284064665
2014-08-08,2014-Q3,90.34999999999984,20.866050808314085
2014-08-11,2014-Q3,87.94999999999986,20.31177829099307
2014-08-12,2014-Q3,88.94999999999985,20.54272517321016
2014-08-13,2014-Q3,86.14999999999986,19.89607390300231
2014-08-14,2014-Q3,87.99999999999984,20.323325635103927
2014-08-15,2014-Q3,87.99999999999984,20.323325635103927
2014-08-18,2014-Q3,91.54999999999984,21.1431870669746
2014-08-19,2014-Q3,93.39999999999985,21.57043879907621
2014-08-20,2014-Q3,94.19999999999985,21.75519630484989
2014-08-21,2014-Q3,90.54999999999986,20.912240184757504
2014-08-22,2014-Q3,89.99999999999986,20.785219399538107
2014-08-25,2014-Q3,88.74999999999987,20.496535796766743
2014-08-26,2014-Q3,86.14999999999988,19.89607390300231
2014-08-27,2014-Q3,86.49999999999987,19.97690531177829
2014-08-28,2014-Q3,85.89999999999988,19.83833718244804
2014-08-29,2014-Q3,85.89999999999988,19.83833718244804
2014-09-01,2014-Q3,86.09999999999987,
2014-09-02,2014-Q3,87.69999999999987,
2014-09-03,2014-Q3,89.19999999999987,
2014-09-04,2014-Q3,88.24999999999987,
2014-09-05,2014-Q3,87.29999999999987,
2014-09-08,2014-Q3,89.54999999999986,
2014-09-09,2014-Q3,89.29999999999987,
2014-09-10,2014-Q3,89.99999999999986,
2014-09-11,2014-Q3,100.44999999999983,
2014-09-12,2014-Q3,101.59999999999982,
2014-09-15,2014-Q3,104.24999999999983,
2014-09-16,2014-Q3,95.54999999999983,
2014-09-17,2014-Q3,94.14999999999985,
2014-09-18,2014-Q3,95.39999999999984,
2014-09-19,2014-Q3,94.59999999999982,
2014-09-22,2014-Q3,100.29999999999983,
2014-09-23,2014-Q3,96.54999999999983,
2014-09-24,2014-Q3,94.89999999999985,
2014-09-25,2014-Q3,92.24999999999983,
2014-09-26,2014-Q3,91.04999999999984,
2014-09-29,2014-Q3,92.04999999999983,
2014-09-30,2014-Q3,93.19999999999982,
2014-10-01,2014-Q4,93.14999999999984,
2014-10-02,2014-Q4,93.14999999999984,
2014-10-03,2014-Q4,93.14999999999984,
2014-10-06,2014-Q4,93.14999999999984,
2014-10-07,2014-Q4,91.29999999999983,
2014-10-08,2014-Q4,92.34999999999984,
2014-10-09,2014-Q4,92.04999999999984,
2014-10-10,2014-Q4,91.74999999999986,
2014-10-13,2014-Q4,90.89999999999986,
2014-10-14,2014-Q4,90.59999999999985,
2014-10-15,2014-Q4,90.59999999999985,
2014-10-16,2014-Q4,86.74999999999987,
2014-10-17,2014-Q4,88.04999999999987,
2014-10-20,2014-Q4,88.34999999999988,
2014-10-21,2014-Q4,88.64999999999988,
2014-10-22,2014-Q4,85.14999999999988,
2014-10-23,2014-Q4,85.99999999999987,
2014-10-24,2014-Q4,85.99999999999987,
2014-10-27,2014-Q4,86.44999999999986,
2014-10-28,2014-Q4,85.79999999999987,
2014-10-29,2014-Q4,85.34999999999987,
2014-10-30,2014-Q4,84.84999999999988,
2014-10-31,2014-Q4,85.74999999999987,
2014-11-03,2014-Q4,86.54999999999988,
2014-11-04,2014-Q4,86.54999999999988,
2014-11-05,2014-Q4,89.94999999999987,
2014-11-06,2014-Q4,89.94999999999987,
2014-11-07,2014-Q4,87.84999999999987,
2014-11-10,2014-Q4,88.19999999999986,
2014-11-11,2014-Q4,88.29999999999987,
2014-11-12,2014-Q4,88.09999999999987,
2014-11-13,2014-Q4,87.24999999999987,
2014-11-14,2014-Q4,89.24999999999987,
2014-11-17,2014-Q4,91.64999999999988,
2014-11-18,2014-Q4,91.44999999999987,
2014-11-19,2014-Q4,90.14999999999986,
2014-11-20,2014-Q4,90.24999999999987,
2014-11-21,2014-Q4,89.49999999999987,
2014-11-24,2014-Q4,88.89999999999988,
2014-11-25,2014-Q4,88.99999999999987,
2014-11-26,2014-Q4,88.14999999999989,
2014-11-27,2014-Q4,88.64999999999988,
2014-11-28,2014-Q4,88.94999999999986,
2014-12-01,2014-Q4,88.94999999999986,
2014-12-02,2014-Q4,89.14999999999986,
2014-12-03,2014-Q4,90.29999999999987,
2014-12-04,2014-Q4,90.29999999999987,
2014-12-05,2014-Q4,90.14999999999986,
2014-12-08,2014-Q4,88.99999999999986,
2014-12-09,2014-Q4,86.54999999999987,
2014-12-10,2014-Q4,86.49999999999987,
2014-12-11,2014-Q4,87.19999999999987,
2014-12-12,2014-Q4,86.44999999999986,
2014-12-15,2014-Q4,84.79999999999987,
2014-12-16,2014-Q4,83.09999999999987,
2014-12-17,2014-Q4,82.04999999999987,
2014-12-18,2014-Q4,82.64999999999988,
2014-12-19,2014-Q4,83.09999999999988,
2014-12-22,2014-Q4,83.19999999999987,
2014-12-23,2014-Q4,82.29999999999988,
2014-12-24,2014-Q4,81.79999999999987,
2014-12-25,2014-Q4,81.79999999999987,
2014-12-26,2014-Q4,81.69999999999989,
2014-12-29,2014-Q4,81.54999999999988,
2014-12-30,2014-Q4,81.7499999999999,
2014-12-31,2014-Q4,82.49999999999989,
2015-01-01,2015-Q1,82.39999999999989,
2015-01-02,2015-Q1,83.44999999999989,
2015-01-05,2015-Q1,83.6499999999999,
2015-01-06,2015-Q1,81.4999999999999,
2015-01-07,2015-Q1,84.0499999999999,
2015-01-08,2015-Q1,84.9499999999999,
2015-01-09,2015-Q1,84.5499999999999,
2015-01-12,2015-Q1,83.7499999999999,
2015-01-13,2015-Q1,84.8499999999999,
2015-01-14,2015-Q1,84.34999999999988,
2015-01-15,2015-Q1,83.94999999999989,
2015-01-16,2015-Q1,83.94999999999989,
2015-01-19,2015-Q1,85.14999999999989,
2015-01-20,2015-Q1,85.54999999999988,
2015-01-21,2015-Q1,90.44999999999989,
2015-01-22,2015-Q1,92.6499999999999,
2015-01-23,2015-Q1,90.3999999999999,
2015-01-26,2015-Q1,90.3999999999999,
2015-01-27,2015-Q1,89.1999999999999,
2015-01-28,2015-Q1,87.34999999999991,
2015-01-29,2015-Q1,86.6499999999999,
2015-01-30,2015-Q1,86.59999999999991,
2015-02-02,2015-Q1,81.44999999999992,
2015-02-03,2015-Q1,81.84999999999992,
2015-02-04,2015-Q1,82.84999999999992,
2015-02-05,2015-Q1,81.64999999999993,
2015-02-06,2015-Q1,80.14999999999995,
2015-02-09,2015-Q1,78.54999999999994,
2015-02-10,2015-Q1,78.69999999999996,
2015-02-11,2015-Q1,79.49999999999994,
2015-02-12,2015-Q1,79.89999999999995,
2015-02-13,2015-Q1,79.99999999999994,
2015-02-16,2015-Q1,80.24999999999996,
2015-02-17,2015-Q1,80.24999999999996,
2015-02-18,2015-Q1,82.64999999999996,
2015-02-19,2015-Q1,83.49999999999997,
2015-02-20,2015-Q1,82.39999999999999,
2015-02-23,2015-Q1,80.94999999999997,
2015-02-24,2015-Q1,81.04999999999997,
2015-02-25,2015-Q1,80.34999999999997,
2015-02-26,2015-Q1,79.79999999999997,
2015-02-27,2015-Q1,81.59999999999997,
2015-02-28,2015-Q1,80.14999999999998,
2015-03-02,2015-Q1,79.99999999999997,
2015-03-03,2015-Q1,80.09999999999997,
2015-03-04,2015-Q1,79.34999999999997,
2015-03-05,2015-Q1,78.49999999999999,
2015-03-06,2015-Q1,78.49999999999999,
2015-03-09,2015-Q1,77.99999999999997,
2015-03-10,2015-Q1,76.79999999999997,
2015-03-11,2015-Q1,76.09999999999997,
2015-03-12,2015-Q1,76.34999999999997,
2015-03-13,2015-Q1,76.09999999999997,
2015-03-16,2015-Q1,74.79999999999997,
2015-03-17,2015-Q1,73.94999999999997,
2015-03-18,2015-Q1,72.54999999999997,
2015-03-19,2015-Q1,72.69999999999997,
2015-03-20,2015-Q1,71.79999999999997,
2015-03-23,2015-Q1,70.04999999999997,
2015-03-24,2015-Q1,69.09999999999997,
2015-03-25,2015-Q1,67.39999999999998,
2015-03-26,2015-Q1,66.94999999999997,
2015-03-27,2015-Q1,66.39999999999998,
2015-03-30,2015-Q1,67.69999999999997,
2015-03-31,2015-Q1,68.09999999999998,
2015-04-01,2015-Q2,73.59999999999998,
2015-04-02,2015-Q2,73.59999999999998,
2015-04-03,2015-Q2,73.59999999999998,
2015-04-06,2015-Q2,71.59999999999998,
2015-04-07,2015-Q2,75.89999999999999,
2015-04-08,2015-Q2,75.74999999999999,
2015-04-09,2015-Q2,74.05,
2015-04-10,2015-Q2,74.74999999999999,
2015-04-13,2015-Q2,75.24999999999999,
2015-04-14,2015-Q2,75.24999999999999,
2015-04-15,2015-Q2,74.4,
2015-04-16,2015-Q2,73.75,
2015-04-17,2015-Q2,73.5,
2015-04-20,2015-Q2,72.2,
2015-04-21,2015-Q2,71.8,
2015-04-22,2015-Q2,71.70000000000002,
2015-04-23,2015-Q2,71.15000000000002,
2015-04-24,2015-Q2,70.90000000000002,
2015-04-27,2015-Q2,70.15000000000002,
2015-04-28,2015-Q2,70.05,
2015-04-29,2015-Q2,70.45,
2015-04-30,2015-Q2,69.75000000000001,
2015-05-01,2015-Q2,69.75000000000001,
2015-05-04,2015-Q2,70.35000000000001,
2015-05-05,2015-Q2,70.55000000000003,
2015-05-06,2015-Q2,69.05000000000001,
2015-05-07,2015-Q2,67.70000000000002,
2015-05-08,2015-Q2,69.30000000000001,
2015-05-11,2015-Q2,69.25000000000001,
2015-05-12,2015-Q2,68.20000000000002,
2015-05-13,2015-Q2,68.45,
2015-05-14,2015-Q2,68.45,
2015-05-15,2015-Q2,68.95,
2015-05-18,2015-Q2,69.2,
2015-05-19,2015-Q2,70.59999999999998,
2015-05-20,2015-Q2,70.3,
2015-05-21,2015-Q2,70.05,
2015-05-22,2015-Q2,69.40000000000002,
2015-05-25,2015-Q2,68.7,
2015-05-26,2015-Q2,68.55,
2015-05-27,2015-Q2,67.89999999999999,
2015-05-28,2015-Q2,68.8,
2015-05-29,2015-Q2,64.65,
2015-06-01,2015-Q2,64.1,
2015-06-02,2015-Q2,63.64999999999999,
2015-06-03,2015-Q2,60.75,
2015-06-04,2015-Q2,60.05,
2015-06-05,2015-Q2,60.7,
2015-06-08,2015-Q2,59.74999999999999,
2015-06-09,2015-Q2,59.99999999999999,
2015-06-10,2015-Q2,59.849999999999994,
2015-06-11,2015-Q2,59.29999999999999,
2015-06-12,2015-Q2,59.099999999999994,
2015-06-15,2015-Q2,58.599999999999994,
2015-06-16,2015-Q2,57.599999999999994,
2015-06-17,2015-Q2,59.39999999999999,
2015-06-18,2015-Q2,60.7,
2015-06-19,2015-Q2,61.449999999999996,
2015-06-22,2015-Q2,62.09999999999999,
2015-06-23,2015-Q2,61.749999999999986,
2015-06-24,2015-Q2,61.649999999999984,
2015-06-25,2015-Q2,61.649999999999984,
2015-06-26,2015-Q2,60.499999999999986,
2015-06-29,2015-Q2,58.84999999999999,
2015-06-30,2015-Q2,58.84999999999999,
2015-07-01,2015-Q3,60.69999999999999,
2015-07-02,2015-Q3,60.04999999999998,
2015-07-03,2015-Q3,60.399999999999984,
2015-07-06,2015-Q3,59.59999999999999,
2015-07-07,2015-Q3,59.94999999999998,
2015-07-08,2015-Q3,61.14999999999998,
2015-07-09,2015-Q3,62.249999999999986,
2015-07-10,2015-Q3,61.299999999999976,
2015-07-13,2015-Q3,61.44999999999999,
2015-07-14,2015-Q3,61.749999999999986,
2015-07-15,2015-Q3,61.099999999999994,
2015-07-16,2015-Q3,61.34999999999999,
2015-07-17,2015-Q3,62.44999999999999,
2015-07-20,2015-Q3,63.449999999999974,
2015-07-21,2015-Q3,62.74999999999997,
2015-07-22,2015-Q3,63.24999999999997,
2015-07-23,2015-Q3,64.79999999999997,
2015-07-24,2015-Q3,64.44999999999997,
2015-07-27,2015-Q3,63.59999999999998,
2015-07-28,2015-Q3,62.74999999999998,
2015-07-29,2015-Q3,62.59999999999999,
2015-07-30,2015-Q3,63.649999999999984,
2015-07-31,2015-Q3,64.34999999999998,
2015-08-03,2015-Q3,63.499999999999986,
2015-08-04,2015-Q3,63.84999999999999,
2015-08-05,2015-Q3,65.29999999999998,
2015-08-06,2015-Q3,66.99999999999999,
2015-08-07,2015-Q3,67.04999999999998,
2015-08-10,2015-Q3,69.09999999999997,
2015-08-11,2015-Q3,69.64999999999998,
2015-08-12,2015-Q3,64.79999999999997,
2015-08-13,2015-Q3,64.04999999999997,
2015-08-14,2015-Q3,64.04999999999997,
2015-08-17,2015-Q3,63.199999999999974,
2015-08-18,2015-Q3,63.249999999999964,
2015-08-19,2015-Q3,62.449999999999974,
2015-08-20,2015-Q3,61.599999999999966,
2015-08-21,2015-Q3,60.49999999999997,
2015-08-24,2015-Q3,54.09999999999997,
2015-08-25,2015-Q3,54.84999999999997,
2015-08-26,2015-Q3,54.94999999999998,
2015-08-27,2015-Q3,58.69999999999998,
2015-08-28,2015-Q3,58.59999999999998,
2015-08-31,2015-Q3,58.699999999999974,
2015-09-01,2015-Q3,57.94999999999998,16.463068181818183
2015-09-02,2015-Q3,58.34999999999998,16.576704545454547
2015-09-03,2015-Q3,57.19999999999999,16.25
2015-09-04,2015-Q3,56.94999999999998,16.178977272727273
2015-09-07,2015-Q3,55.84999999999998,15.866477272727272
2015-09-08,2015-Q3,56.299999999999976,15.994318181818182
2015-09-09,2015-Q3,56.64999999999998,16.09375
2015-09-10,2015-Q3,56.24999999999997,15.980113636363637
2015-09-11,2015-Q3,56.39999999999997,16.022727272727273
2015-09-14,2015-Q3,56.89999999999998,16.164772727272727
2015-09-15,2015-Q3,57.44999999999998,16.321022727272727
2015-09-16,2015-Q3,57.299999999999976,16.27840909090909
2015-09-17,2015-Q3,57.299999999999976,16.27840909090909
2015-09-18,2015-Q3,56.949999999999974,16.178977272727273
2015-09-21,2015-Q3,58.24999999999997,16.548295454545453
2015-09-22,2015-Q3,56.64999999999997,16.09375
2015-09-23,2015-Q3,57.99999999999997,16.477272727272727
2015-09-24,2015-Q3,57.89999999999997,16.448863636363637
2015-09-25,2015-Q3,57.89999999999997,16.448863636363637
2015-09-28,2015-Q3,58.89999999999997,16.732954545454543
2015-09-29,2015-Q3,58.44999999999998,16.605113636363637
2015-09-30,2015-Q3,57.89999999999997,16.448863636363637
2015-10-01,2015-Q4,57.84999999999998,16.43465909090909
2015-10-02,2015-Q4,57.84999999999998,16.43465909090909
2015-10-05,2015-Q4,58.64999999999998,16.661931818181817
2015-10-06,2015-Q4,58.99999999999998,16.761363636363637
2015-10-07,2015-Q4,59.84999999999998,17.00284090909091
2015-10-08,2015-Q4,61.04999999999998,17.34375
2015-10-09,2015-Q4,61.59999999999999,17.5
2015-10-12,2015-Q4,63.39999999999999,18.011363636363637
2015-10-13,2015-Q4,62.449999999999996,17.741477272727273
2015-10-14,2015-Q4,61.099999999999994,17.357954545454547
2015-10-15,2015-Q4,60.99999999999999,17.329545454545453
2015-10-16,2015-Q4,61.099999999999994,17.357954545454547
2015-10-19,2015-Q4,61.04999999999999,17.34375
2015-10-20,2015-Q4,61.1,17.357954545454547
2015-10-21,2015-Q4,61.05,17.34375
2015-10-22,2015-Q4,61.05,17.34375
2015-10-23,2015-Q4,59.6,16.931818181818183
2015-10-26,2015-Q4,60.199999999999996,17.102272727272727
2015-10-27,2015-Q4,61.04999999999999,17.34375
2015-10-28,2015-Q4,62.29999999999998,17.698863636363637
2015-10-29,2015-Q4,61.34999999999999,17.428977272727273
2015-10-30,2015-Q4,61.149999999999984,17.37215909090909
2015-11-02,2015-Q4,61.499999999999986,17.47159090909091
2015-11-03,2015-Q4,63.149999999999984,17.94034090909091
2015-11-04,2015-Q4,73.24999999999999,20.80965909090909
2015-11-05,2015-Q4,69.59999999999997,19.77272727272727
2015-11-06,2015-Q4,76.19999999999996,21.64772727272728
2015-11-09,2015-Q4,74.29999999999995,21.107954545454543
2015-11-10,2015-Q4,73.44999999999997,20.86647727272728
2015-11-11,2015-Q4,75.19999999999997,21.363636363636363
2015-11-12,2015-Q4,75.19999999999997,21.363636363636363
2015-11-13,2015-Q4,73.49999999999996,20.880681818181817
2015-11-16,2015-Q4,72.19999999999996,20.51136363636364
2015-11-17,2015-Q4,76.69999999999996,21.789772727272727
2015-11-18,2015-Q4,77.54999999999994,22.03125
2015-11-19,2015-Q4,78.64999999999995,22.34375
2015-11-20,2015-Q4,80.09999999999994,22.755681818181817
2015-11-23,2015-Q4,78.84999999999994,22.40056818181818
2015-11-24,2015-Q4,78.64999999999995,22.34375
2015-11-25,2015-Q4,78.64999999999995,22.34375
2015-11-26,2015-Q4,78.24999999999994,22.23011363636364
2015-11-27,2015-Q4,76.69999999999995,21.789772727272727
2015-11-30,2015-Q4,76.19999999999995,21.64772727272728
2015-12-01,2015-Q4,78.24999999999994,22.293447293447294
2015-12-02,2015-Q4,77.09999999999994,21.96581196581197
2015-12-03,2015-Q4,77.94999999999995,22.20797720797721
2015-12-04,2015-Q4,77.69999999999996,22.13675213675214
2015-12-07,2015-Q4,78.04999999999995,22.23646723646724
2015-12-08,2015-Q4,77.94999999999995,22.20797720797721
2015-12-09,2015-Q4,74.99999999999996,21.36752136752137
2015-12-10,2015-Q4,76.49999999999996,21.7948717948718
2015-12-11,2015-Q4,75.09999999999995,21.3960113960114
2015-12-14,2015-Q4,78.34999999999995,22.321937321937323
2015-12-15,2015-Q4,78.39999999999998,22.33618233618234
2015-12-16,2015-Q4,78.44999999999997,22.35042735042736
2015-12-17,2015-Q4,78.64999999999998,22.40740740740741
2015-12-18,2015-Q4,77.59999999999997,22.108262108262107
2015-12-21,2015-Q4,77.59999999999997,22.108262108262107
2015-12-22,2015-Q4,76.99999999999997,21.93732193732194
2015-12-23,2015-Q4,77.69999999999997,22.13675213675214
2015-12-24,2015-Q4,77.19999999999997,21.994301994302
2015-12-25,2015-Q4,77.19999999999997,21.994301994302
2015-12-28,2015-Q4,77.04999999999997,21.95156695156696
2015-12-29,2015-Q4,77.89999999999998,22.193732193732195
2015-12-30,2015-Q4,76.99999999999997,21.93732193732194
2015-12-31,2015-Q4,80.89999999999999,23.04843304843305
2016-01-01,2016-Q1,82.69999999999999,23.561253561253565
2016-01-04,2016-Q1,84.1,23.96011396011396
2016-01-05,2016-Q1,81.8,23.304843304843303
2016-01-06,2016-Q1,82.69999999999999,23.561253561253565
2016-01-07,2016-Q1,81.94999999999999,23.34757834757835
2016-01-08,2016-Q1,82.75,23.57549857549857
2016-01-11,2016-Q1,83.55,23.803418803418804
2016-01-12,2016-Q1,86.69999999999999,24.700854700854705
2016-01-13,2016-Q1,83.55,23.803418803418804
2016-01-14,2016-Q1,84.45,24.059829059829063
2016-01-15,2016-Q1,82.35,23.46153846153846
2016-01-18,2016-Q1,77.9,22.193732193732195
2016-01-19,2016-Q1,77.85,22.17948717948718
2016-01-20,2016-Q1,74.4,21.1965811965812
2016-01-21,2016-Q1,75.9,21.623931623931625
2016-01-22,2016-Q1,76.8,21.88034188034188
2016-01-25,2016-Q1,79.75000000000001,22.720797720797723
2016-01-26,2016-Q1,79.75000000000001,22.720797720797723
2016-01-27,2016-Q1,81.55000000000001,23.23361823361824
2016-01-28,2016-Q1,86.10000000000002,24.529914529914528
2016-01-29,2016-Q1,82.50000000000001,23.504273504273502
2016-02-01,2016-Q1,81.05000000000003,23.091168091168093
2016-02-02,2016-Q1,81.60000000000001,23.247863247863247
2016-02-03,2016-Q1,76.50000000000001,21.7948717948718
2016-02-04,2016-Q1,74.20000000000002,21.13960113960114
2016-02-05,2016-Q1,77.00000000000001,21.93732193732194
2016-02-08,2016-Q1,76.70000000000003,21.85185185185185
2016-02-09,2016-Q1,74.55000000000003,21.23931623931624
2016-02-10,2016-Q1,74.10000000000002,21.11111111111111
2016-02-11,2016-Q1,66.40000000000003,18.91737891737892
2016-02-12,2016-Q1,70.35000000000002,20.042735042735043
2016-02-15,2016-Q1,73.45000000000003,20.925925925925927
2016-02-16,2016-Q1,70.55000000000003,20.0997150997151
2016-02-17,2016-Q1,72.50000000000003,20.65527065527065
2016-02-18,2016-Q1,72.60000000000001,20.683760683760685
2016-02-19,2016-Q1,71.15000000000003,20.270655270655272
2016-02-22,2016-Q1,72.30000000000003,20.5982905982906
2016-02-23,2016-Q1,70.20000000000002,20.000000000000004
2016-02-24,2016-Q1,69.90000000000002,19.91452991452992
2016-02-25,2016-Q1,69.35000000000001,19.75783475783476
2016-02-26,2016-Q1,69.05,19.672364672364672
2016-02-29,2016-Q1,69.15000000000002,19.700854700854705
2016-03-01,2016-Q1,69.70000000000002,14.893162393162395
2016-03-02,2016-Q1,71.00000000000001,15.170940170940172
2016-03-03,2016-Q1,72.50000000000003,15.491452991452991
2016-03-04,2016-Q1,71.50000000000003,15.27777777777778
2016-03-07,2016-Q1,71.50000000000003,15.27777777777778
2016-03-08,2016-Q1,70.60000000000001,15.085470085470083
2016-03-09,2016-Q1,67.10000000000001,14.337606837606836
2016-03-10,2016-Q1,75.40000000000003,16.111111111111114
2016-03-11,2016-Q1,79.60000000000001,17.00854700854701
2016-03-14,2016-Q1,82.80000000000001,17.692307692307693
2016-03-15,2016-Q1,82.85,17.70299145299145
2016-03-16,2016-Q1,83.55000000000001,17.852564102564102
2016-03-17,2016-Q1,80.55,17.211538461538463
2016-03-18,2016-Q1,79.3,16.944444444444446
2016-03-21,2016-Q1,78.39999999999999,16.752136752136753
2016-03-22,2016-Q1,78.44999999999999,16.762820512820515
2016-03-23,2016-Q1,78.89999999999999,16.85897435897436
2016-03-24,2016-Q1,78.89999999999999,16.85897435897436
2016-03-25,2016-Q1,78.89999999999999,16.85897435897436
2016-03-28,2016-Q1,78.04999999999998,16.67735042735043
2016-03-29,2016-Q1,78.5,16.773504273504276
2016-03-30,2016-Q1,81.64999999999999,17.4465811965812
2016-03-31,2016-Q1,81.6,17.435897435897434
2016-04-01,2016-Q2,80.35,17.168803418803417
2016-04-04,2016-Q2,83.85,17.916666666666668
2016-04-05,2016-Q2,78.90000000000002,16.85897435897436
2016-04-06,2016-Q2,84.6,18.07692307692308
2016-04-07,2016-Q2,82.5,17.628205128205128
2016-04-08,2016-Q2,87.8,18.76068376068376
2016-04-11,2016-Q2,88.55,18.92094017094017
2016-04-12,2016-Q2,89.7,19.166666666666668
2016-04-13,2016-Q2,87.7,18.73931623931624
2016-04-14,2016-Q2,87.7,18.73931623931624
2016-04-15,2016-Q2,87.7,18.73931623931624
2016-04-18,2016-Q2,88.75,18.963675213675216
2016-04-19,2016-Q2,88.75,18.963675213675216
2016-04-20,2016-Q2,89.85,19.19871794871795
2016-04-21,2016-Q2,89.15,19.0491452991453
2016-04-22,2016-Q2,88.9,18.995726495726498
2016-04-25,2016-Q2,92.45000000000002,19.754273504273502
2016-04-26,2016-Q2,93.9,20.06410256410257
2016-04-27,2016-Q2,95.60000000000001,20.427350427350422
2016-04-28,2016-Q2,95.80000000000001,20.470085470085472
2016-04-29,2016-Q2,99.55,21.271367521367523
2016-05-02,2016-Q2,110.35000000000001,23.57905982905983
2016-05-03,2016-Q2,111.95,23.92094017094017
2016-05-04,2016-Q2,116.25000000000001,24.83974358974359
2016-05-05,2016-Q2,115.05000000000001,24.583333333333336
2016-05-06,2016-Q2,114.10000000000001,24.38034188034188
2016-05-09,2016-Q2,114.00000000000003,24.35897435897436
2016-05-10,2016-Q2,115.75000000000003,24.732905982905983
2016-05-11,2016-Q2,116.80000000000001,24.95726495726496
2016-05-12,2016-Q2,117.80000000000001,25.17094017094017
2016-05-13,2016-Q2,124.85000000000001,26.67735042735043
2016-05-16,2016-Q2,126.80000000000003,27.094017094017094
2016-05-17,2016-Q2,129.95000000000002,27.767094017094017
2016-05-18,2016-Q2,134.65000000000003,28.771367521367523
2016-05-19,2016-Q2,134.25000000000003,28.68589743589744
2016-05-20,2016-Q2,128.30000000000004,27.41452991452992
2016-05-23,2016-Q2,125.45000000000002,26.80555555555556
2016-05-24,2016-Q2,121.90000000000002,26.04700854700855
2016-05-25,2016-Q2,132.45000000000002,28.30128205128205
2016-05-26,2016-Q2,135.50000000000003,28.95299145299145
2016-05-27,2016-Q2,133.85000000000002,28.60042735042735
2016-05-30,2016-Q2,138.30000000000004,29.55128205128205
2016-05-31,2016-Q2,138.85000000000002,29.66880341880342
2016-06-01,2016-Q2,136.60000000000002,41.90184049079755
2016-06-02,2016-Q2,135.90000000000003,41.68711656441718
2016-06-03,2016-Q2,137.85000000000005,42.285276073619634
2016-06-06,2016-Q2,135.90000000000006,41.68711656441718
2016-06-07,2016-Q2,138.50000000000006,42.48466257668712
2016-06-08,2016-Q2,139.30000000000007,42.73006134969326
2016-06-09,2016-Q2,139.30000000000007,42.73006134969326
2016-06-10,2016-Q2,139.20000000000007,42.69938650306749
2016-06-13,2016-Q2,134.8000000000001,41.34969325153375
2016-06-14,2016-Q2,137.10000000000008,42.05521472392638
2016-06-15,2016-Q2,141.3000000000001,43.3435582822086
2016-06-16,2016-Q2,137.8000000000001,42.26993865030676
2016-06-17,2016-Q2,138.35000000000008,42.438650306748464
2016-06-20,2016-Q2,137.35000000000008,42.1319018404908
2016-06-21,2016-Q2,139.30000000000007,42.73006134969326
2016-06-22,2016-Q2,136.4000000000001,41.84049079754602
2016-06-23,2016-Q2,135.75000000000009,41.64110429447853
2016-06-24,2016-Q2,133.3000000000001,40.88957055214725
2016-06-27,2016-Q2,136.90000000000012,41.99386503067485
2016-06-28,2016-Q2,135.95000000000007,41.70245398773006
2016-06-29,2016-Q2,148.80000000000013,45.64417177914111
2016-06-30,2016-Q2,155.8500000000001,47.80674846625767
2016-07-01,2016-Q3,160.05000000000013,49.09509202453988
2016-07-04,2016-Q3,162.35000000000014,49.80061349693252
2016-07-05,2016-Q3,162.2000000000001,49.75460122699386
2016-07-06,2016-Q3,162.2000000000001,49.75460122699386
2016-07-07,2016-Q3,160.80000000000013,49.32515337423314
2016-07-08,2016-Q3,157.75000000000009,48.38957055214724
2016-07-11,2016-Q3,160.50000000000009,49.23312883435583
2016-07-12,2016-Q3,160.10000000000008,49.11042944785276
2016-07-13,2016-Q3,155.20000000000007,47.607361963190186
2016-07-14,2016-Q3,164.55000000000013,50.4754601226994
2016-07-15,2016-Q3,168.00000000000009,51.53374233128834
2016-07-18,2016-Q3,167.5000000000001,51.38036809815952
2016-07-19,2016-Q3,169.70000000000007,52.05521472392638
2016-07-20,2016-Q3,170.3000000000001,52.23926380368099
2016-07-21,2016-Q3,171.20000000000007,52.515337423312886
2016-07-22,2016-Q3,158.75000000000009,48.696319018404914
2016-07-25,2016-Q3,155.35000000000005,47.65337423312884
2016-07-26,2016-Q3,157.25000000000006,48.23619631901841
2016-07-27,2016-Q3,156.20000000000005,47.91411042944785
2016-07-28,2016-Q3,157.70000000000005,48.37423312883436
2016-07-29,2016-Q3,154.35000000000005,47.34662576687117
2016-08-01,2016-Q3,149.55000000000004,45.87423312883436
2016-08-02,2016-Q3,144.75000000000006,44.40184049079755
2016-08-03,2016-Q3,145.15000000000006,44.52453987730062
2016-08-04,2016-Q3,142.50000000000006,43.71165644171779
2016-08-05,2016-Q3,145.35000000000005,44.58588957055215
2016-08-08,2016-Q3,145.25000000000009,44.55521472392638
2016-08-09,2016-Q3,141.35000000000008,43.35889570552148
2016-08-10,2016-Q3,138.1500000000001,42.377300613496935
2016-08-11,2016-Q3,139.70000000000005,42.85276073619632
2016-08-12,2016-Q3,146.20000000000007,44.84662576687116
2016-08-15,2016-Q3,146.20000000000007,44.84662576687116
2016-08-16,2016-Q3,151.65000000000006,46.518404907975466
2016-08-17,2016-Q3,156.0500000000001,47.86809815950921
2016-08-18,2016-Q3,155.95000000000007,47.83742331288344
2016-08-19,2016-Q3,155.7500000000001,47.7760736196319
2016-08-22,2016-Q3,159.10000000000008,48.80368098159509
2016-08-23,2016-Q3,160.65000000000012,49.27914110429448
2016-08-24,2016-Q3,161.70000000000013,49.60122699386503
2016-08-25,2016-Q3,159.00000000000014,48.77300613496933
2016-08-26,2016-Q3,153.05000000000015,46.94785276073621
2016-08-29,2016-Q3,153.55000000000015,47.10122699386504
2016-08-30,2016-Q3,153.00000000000014,46.93251533742332
2016-08-31,2016-Q3,154.45000000000016,47.377300613496935
2016-09-01,2016-Q3,150.00000000000017,14.08450704225352
2016-09-02,2016-Q3,149.80000000000015,14.065727699530518
2016-09-05,2016-Q3,149.80000000000015,14.065727699530518
2016-09-06,2016-Q3,155.25000000000017,14.577464788732394
2016-09-07,2016-Q3,153.90000000000018,14.450704225352112
2016-09-08,2016-Q3,154.00000000000017,14.460093896713614
2016-09-09,2016-Q3,150.40000000000015,14.12206572769953
2016-09-12,2016-Q3,150.00000000000014,14.08450704225352
2016-09-13,2016-Q3,150.00000000000014,14.08450704225352
2016-09-14,2016-Q3,161.70000000000013,15.183098591549294
2016-09-15,2016-Q3,158.50000000000014,14.88262910798122
2016-09-16,2016-Q3,168.25000000000014,15.798122065727698
2016-09-19,2016-Q3,167.70000000000013,15.746478873239434
2016-09-20,2016-Q3,174.75000000000017,16.408450704225352
2016-09-21,2016-Q3,175.30000000000018,16.460093896713616
2016-09-22,2016-Q3,176.00000000000017,16.525821596244132
2016-09-23,2016-Q3,172.75000000000017,16.220657276995304
2016-09-26,2016-Q3,165.55000000000015,15.544600938967136
2016-09-27,2016-Q3,172.55000000000015,16.2018779342723
2016-09-28,2016-Q3,180.55000000000015,16.953051643192488
2016-09-29,2016-Q3,174.05000000000013,16.342723004694836
2016-09-30,2016-Q3,177.70000000000007,16.68544600938967
2016-10-03,2016-Q4,182.4500000000001,17.131455399061032
2016-10-04,2016-Q4,183.80000000000013,17.258215962441316
2016-10-05,2016-Q4,186.0500000000001,17.469483568075116
2016-10-06,2016-Q4,187.80000000000007,17.633802816901408
2016-10-07,2016-Q4,187.40000000000006,17.5962441314554
2016-10-10,2016-Q4,182.0500000000001,17.093896713615024
2016-10-11,2016-Q4,182.0500000000001,17.093896713615024
2016-10-12,2016-Q4,182.0500000000001,17.093896713615024
2016-10-13,2016-Q4,185.55000000000013,17.422535211267608
2016-10-14,2016-Q4,193.55000000000013,18.173708920187792
2016-10-17,2016-Q4,210.20000000000013,19.73708920187793
2016-10-18,2016-Q4,208.0000000000001,19.53051643192488
2016-10-19,2016-Q4,226.30000000000013,21.24882629107981
2016-10-20,2016-Q4,222.40000000000012,20.88262910798122
2016-10-21,2016-Q4,241.45000000000013,22.671361502347416
2016-10-24,2016-Q4,280.15000000000015,26.305164319248824
2016-10-25,2016-Q4,282.60000000000014,26.53521126760564
2016-10-26,2016-Q4,272.7500000000001,25.61032863849765
2016-10-27,2016-Q4,278.4000000000001,26.14084507042253
2016-10-28,2016-Q4,280.80000000000007,26.366197183098592
2016-10-30,2016-Q4,282.3500000000001,26.51173708920188
2016-10-31,2016-Q4,282.3500000000001,26.51173708920188
2016-11-01,2016-Q4,279.3500000000001,26.230046948356808
2016-11-02,2016-Q4,268.7000000000001,25.230046948356804
2016-11-03,2016-Q4,221.45000000000007,20.793427230046948
2016-11-04,2016-Q4,213.6500000000001,20.061032863849764
2016-11-07,2016-Q4,198.9000000000001,18.676056338028168
2016-11-08,2016-Q4,200.00000000000009,18.779342723004696
2016-11-09,2016-Q4,190.75000000000006,17.910798122065728
2016-11-10,2016-Q4,201.75000000000006,18.943661971830984
2016-11-11,2016-Q4,203.95000000000005,19.15023474178404
2016-11-14,2016-Q4,203.95000000000005,19.15023474178404
2016-11-15,2016-Q4,198.40000000000006,18.629107981220656
2016-11-16,2016-Q4,201.85000000000005,18.953051643192488
2016-11-17,2016-Q4,201.80000000000004,18.948356807511736
2016-11-18,2016-Q4,200.05000000000004,18.784037558685448
2016-11-21,2016-Q4,191.15000000000003,17.948356807511736
2016-11-22,2016-Q4,190.05000000000004,17.845070422535212
2016-11-23,2016-Q4,203.70000000000002,19.12676056338028
2016-11-24,2016-Q4,204.45000000000002,19.197183098591548
2016-11-25,2016-Q4,214.35,20.12676056338028
2016-11-28,2016-Q4,213.05,20.004694835680752
2016-11-29,2016-Q4,212.44999999999996,19.948356807511736
2016-11-30,2016-Q4,216.6,20.338028169014084
2016-12-01,2016-Q4,212.85,49.61538461538461
2016-12-02,2016-Q4,207.4,48.34498834498834
2016-12-05,2016-Q4,207.50000000000003,48.36829836829837
2016-12-06,2016-Q4,207.55,48.379953379953385
2016-12-07,2016-Q4,207.2,48.298368298368295
2016-12-08,2016-Q4,211.55,49.31235431235432
2016-12-09,2016-Q4,208.54999999999998,48.613053613053616
2016-12-12,2016-Q4,208.19999999999996,48.531468531468526
2016-12-13,2016-Q4,212.29999999999998,49.48717948717949
2016-12-14,2016-Q4,210.2,48.997668997669
2016-12-15,2016-Q4,210.34999999999997,49.03263403263403
2016-12-16,2016-Q4,216.79999999999995,50.536130536130536
2016-12-19,2016-Q4,221.89999999999992,51.72494172494173
2016-12-20,2016-Q4,214.14999999999995,49.91841491841492
2016-12-21,2016-Q4,214.84999999999994,50.08158508158508
2016-12-22,2016-Q4,208.69999999999993,48.64801864801864
2016-12-23,2016-Q4,206.94999999999993,48.24009324009324
2016-12-26,2016-Q4,204.34999999999994,47.63403263403264
2016-12-27,2016-Q4,203.64999999999995,47.47086247086247
2016-12-28,2016-Q4,208.59999999999997,48.624708624708624
2016-12-29,2016-Q4,209.84999999999997,48.91608391608391
2016-12-30,2016-Q4,213.59999999999997,49.790209790209786
2017-01-02,2017-Q1,217.84999999999994,50.78088578088578
2017-01-03,2017-Q1,225.74999999999994,52.62237762237762
2017-01-04,2017-Q1,234.64999999999995,54.696969696969695
2017-01-05,2017-Q1,252.59999999999994,58.88111888111888
2017-01-06,2017-Q1,248.44999999999993,57.91375291375291
2017-01-09,2017-Q1,256.8999999999999,59.88344988344988
2017-01-10,2017-Q1,259.19999999999993,60.41958041958041
2017-01-11,2017-Q1,256.6999999999999,59.83682983682984
2017-01-12,2017-Q1,252.59999999999988,58.88111888111888
2017-01-13,2017-Q1,264.7499999999999,61.71328671328671
2017-01-16,2017-Q1,263.9499999999999,61.52680652680653
2017-01-17,2017-Q1,260.64999999999986,60.75757575757575
2017-01-18,2017-Q1,262.4999999999999,61.18881118881119
2017-01-19,2017-Q1,260.8499999999999,60.80419580419581
2017-01-20,2017-Q1,252.74999999999986,58.91608391608391
2017-01-23,2017-Q1,255.64999999999986,59.5920745920746
2017-01-24,2017-Q1,248.89999999999986,58.01864801864802
2017-01-25,2017-Q1,250.7999999999999,58.46153846153847
2017-01-26,2017-Q1,250.7999999999999,58.46153846153847
2017-01-27,2017-Q1,248.7999999999999,57.995337995338
2017-01-30,2017-Q1,248.2999999999999,57.87878787878788
2017-01-31,2017-Q1,243.0999999999999,56.66666666666666
2017-02-01,2017-Q1,242.89999999999992,56.62004662004662
2017-02-02,2017-Q1,241.24999999999991,56.23543123543124
2017-02-03,2017-Q1,245.29999999999993,57.17948717948718
2017-02-06,2017-Q1,252.1999999999999,58.78787878787878
2017-02-07,2017-Q1,252.24999999999991,58.7995337995338
2017-02-08,2017-Q1,258.5499999999999,60.26806526806527
2017-02-09,2017-Q1,263.5999999999999,61.44522144522145
2017-02-10,2017-Q1,269.79999999999984,62.89044289044289
2017-02-13,2017-Q1,265.2499999999999,61.82983682983683
2017-02-14,2017-Q1,260.39999999999986,60.69930069930069
2017-02-15,2017-Q1,249.94999999999987,58.26340326340326
2017-02-16,2017-Q1,260.7499999999999,60.78088578088578
2017-02-17,2017-Q1,274.4499999999999,63.97435897435897
2017-02-20,2017-Q1,280.6999999999999,65.43123543123542
2017-02-21,2017-Q1,276.3499999999999,64.41724941724942
2017-02-22,2017-Q1,268.5999999999999,62.61072261072262
2017-02-23,2017-Q1,263.0999999999999,61.32867132867133
2017-02-24,2017-Q1,263.0999999999999,61.32867132867133
2017-02-27,2017-Q1,267.39999999999986,62.33100233100232
2017-02-28,2017-Q1,269.74999999999983,62.87878787878788
2017-03-01,2017-Q1,265.04999999999984,17.278357235984355
2017-03-02,2017-Q1,263.09999999999985,17.15123859191656
2017-03-03,2017-Q1,266.6999999999998,17.385919165580184
2017-03-06,2017-Q1,263.04999999999984,17.147979139504564
2017-03-07,2017-Q1,259.1999999999998,16.897001303780964
2017-03-08,2017-Q1,255.34999999999985,16.646023468057365
2017-03-09,2017-Q1,261.4499999999998,17.04367666232073
2017-03-10,2017-Q1,257.74999999999983,16.802477183833116
2017-03-13,2017-Q1,257.74999999999983,16.802477183833116
2017-03-14,2017-Q1,259.6999999999998,16.92959582790091
2017-03-15,2017-Q1,259.6999999999998,16.92959582790091
2017-03-16,2017-Q1,258.54999999999984,16.854628422425034
2017-03-17,2017-Q1,255.19999999999985,16.63624511082138
2017-03-20,2017-Q1,259.8499999999999,16.9393741851369
2017-03-21,2017-Q1,258.4999999999999,16.851368970013038
2017-03-22,2017-Q1,254.84999999999985,16.613428943937418
2017-03-23,2017-Q1,261.7499999999999,17.0632333767927
2017-03-24,2017-Q1,259.39999999999986,16.910039113428944
2017-03-27,2017-Q1,255.9999999999999,16.6883963494133
2017-03-28,2017-Q1,262.3499999999999,17.102346805736637
2017-03-29,2017-Q1,264.89999999999986,17.268578878748368
2017-03-30,2017-Q1,280.8499999999999,18.30834419817471
2017-03-31,2017-Q1,287.0499999999999,18.71251629726206
2017-04-03,2017-Q2,292.9499999999998,19.097131681877443
2017-04-04,2017-Q2,292.9499999999998,19.097131681877443
2017-04-05,2017-Q2,280.5999999999999,18.292046936114733
2017-04-06,2017-Q2,274.8499999999999,17.917209908735334
2017-04-07,2017-Q2,269.29999999999995,17.555410691003914
2017-04-10,2017-Q2,273.84999999999997,17.85202086049544
2017-04-11,2017-Q2,277.24999999999994,18.07366362451108
2017-04-12,2017-Q2,284.7,18.559322033898304
2017-04-13,2017-Q2,286.8,18.696219035202088
2017-04-14,2017-Q2,286.8,18.696219035202088
2017-04-17,2017-Q2,286.25,18.660365058670145
2017-04-18,2017-Q2,282.8,18.435462842242504
2017-04-19,2017-Q2,281.15,18.32790091264668
2017-04-20,2017-Q2,296.0,19.295958279009128
2017-04-21,2017-Q2,293.2,19.11342894393741
2017-04-24,2017-Q2,289.35,18.862451108213826
2017-04-25,2017-Q2,298.6000000000001,19.465449804432858
2017-04-26,2017-Q2,295.85,19.286179921773144
2017-04-27,2017-Q2,297.1,19.367666232073013
2017-04-28,2017-Q2,301.95,19.683833116036507
2017-05-01,2017-Q2,301.95,19.683833116036507
2017-05-02,2017-Q2,314.65,20.51173402868318
2017-05-03,2017-Q2,315.25,20.55084745762712
2017-05-04,2017-Q2,319.5,20.82790091264668
2017-05-05,2017-Q2,312.85,20.39439374185137
2017-05-08,2017-Q2,307.95,20.07496740547588
2017-05-09,2017-Q2,310.8,20.260756192959583
2017-05-10,2017-Q2,316.85,20.65514993481096
2017-05-11,2017-Q2,310.80000000000007,20.260756192959583
2017-05-12,2017-Q2,307.6000000000001,20.05215123859192
2017-05-15,2017-Q2,305.05000000000007,19.885919165580184
2017-05-16,2017-Q2,303.65000000000003,19.794654498044327
2017-05-17,2017-Q2,300.05000000000007,19.559973924380703
2017-05-18,2017-Q2,292.9,19.093872229465447
2017-05-19,2017-Q2,292.55,19.071056062581487
2017-05-22,2017-Q2,279.50000000000006,18.220338983050848
2017-05-23,2017-Q2,277.40000000000003,18.083441981747065
2017-05-24,2017-Q2,272.8500000000001,17.786831812255542
2017-05-25,2017-Q2,275.20000000000005,17.940026075619297
2017-05-26,2017-Q2,290.00000000000006,18.90482398956976
2017-05-29,2017-Q2,280.30000000000007,18.27249022164277
2017-05-30,2017-Q2,280.75,18.30182529335072
2017-05-31,2017-Q2,293.55,19.136245110821385
2017-06-01,2017-Q2,301.6,70.46728971962617
2017-06-02,2017-Q2,302.45,70.66588785046729
2017-06-05,2017-Q2,302.4,70.65420560747663
2017-06-06,2017-Q2,293.9,68.66822429906541
2017-06-07,2017-Q2,302.70000000000005,70.72429906542055
2017-06-08,2017-Q2,299.1,69.88317757009347
2017-06-09,2017-Q2,301.25,70.38551401869158
2017-06-12,2017-Q2,301.54999999999995,70.4556074766355
2017-06-13,2017-Q2,302.44999999999993,70.66588785046729
2017-06-14,2017-Q2,301.3999999999999,70.42056074766354
2017-06-15,2017-Q2,296.8999999999999,69.36915887850466
2017-06-16,2017-Q2,292.49999999999994,68.3411214953271
2017-06-19,2017-Q2,285.39999999999986,66.6822429906542
2017-06-20,2017-Q2,282.39999999999986,65.98130841121494
2017-06-21,2017-Q2,278.5499999999999,65.08177570093459
2017-06-22,2017-Q2,279.9499999999999,65.40887850467288
2017-06-23,2017-Q2,272.14999999999986,63.58644859813083
2017-06-26,2017-Q2,272.14999999999986,63.58644859813083
2017-06-27,2017-Q2,262.5999999999999,61.35514018691589
2017-06-28,2017-Q2,266.4999999999999,62.26635514018691
2017-06-29,2017-Q2,264.2499999999999,61.74065420560747
2017-06-30,2017-Q2,268.24999999999994,62.67523364485981
2017-07-03,2017-Q3,284.8999999999999,66.56542056074765
2017-07-04,2017-Q3,281.54999999999995,65.78271028037383
2017-07-05,2017-Q3,283.44999999999993,66.22663551401868
2017-07-06,2017-Q3,276.6499999999999,64.63785046728971
2017-07-07,2017-Q3,284.29999999999995,66.42523364485982
2017-07-10,2017-Q3,284.99999999999994,66.58878504672897
2017-07-11,2017-Q3,284.29999999999995,66.42523364485982
2017-07-12,2017-Q3,288.3999999999999,67.38317757009345
2017-07-13,2017-Q3,287.2499999999999,67.1144859813084
2017-07-14,2017-Q3,282.74999999999994,66.06308411214953
2017-07-17,2017-Q3,284.6499999999999,66.50700934579439
2017-07-18,2017-Q3,284.1999999999999,66.4018691588785
2017-07-19,2017-Q3,293.9999999999999,68.69158878504672
2017-07-20,2017-Q3,294.84999999999997,68.89018691588785
2017-07-21,2017-Q3,294.9499999999999,68.91355140186916
2017-07-24,2017-Q3,302.9499999999999,70.78271028037382
2017-07-25,2017-Q3,307.6499999999998,71.88084112149532
2017-07-26,2017-Q3,308.1499999999998,71.99766355140186
2017-07-27,2017-Q3,300.09999999999985,70.11682242990655
2017-07-28,2017-Q3,299.4499999999998,69.96495327102804
2017-07-31,2017-Q3,300.04999999999984,70.10514018691589
2017-08-01,2017-Q3,297.3999999999998,69.48598130841121
2017-08-02,2017-Q3,296.9999999999998,69.39252336448598
2017-08-03,2017-Q3,300.0499999999998,70.10514018691589
2017-08-04,2017-Q3,297.7499999999998,69.5677570093458
2017-08-07,2017-Q3,288.8499999999998,67.48831775700934
2017-08-08,2017-Q3,279.19999999999976,65.23364485981308
2017-08-09,2017-Q3,276.7999999999998,64.67289719626169
2017-08-10,2017-Q3,262.4499999999998,61.32009345794392
2017-08-11,2017-Q3,267.4499999999998,62.48831775700934
2017-08-14,2017-Q3,268.49999999999983,62.73364485981308
2017-08-15,2017-Q3,268.49999999999983,62.73364485981308
2017-08-16,2017-Q3,269.54999999999984,62.978971962616825
2017-08-17,2017-Q3,276.2499999999998,64.54439252336448
2017-08-18,2017-Q3,272.39999999999975,63.6448598130841
2017-08-21,2017-Q3,267.0499999999998,62.39485981308411
2017-08-22,2017-Q3,274.0999999999998,64.04205607476635
2017-08-23,2017-Q3,282.94999999999976,66.10981308411215
2017-08-24,2017-Q3,280.8499999999998,65.61915887850468
2017-08-25,2017-Q3,280.8499999999998,65.61915887850468
2017-08-28,2017-Q3,290.5499999999998,67.88551401869158
2017-08-29,2017-Q3,283.34999999999985,66.20327102803738
2017-08-30,2017-Q3,290.4499999999998,67.86214953271028
2017-08-31,2017-Q3,300.74999999999983,70.26869158878505
2017-09-01,2017-Q3,311.7499999999999,29.162768942937326
2017-09-04,2017-Q3,309.3999999999999,28.94293732460244
2017-09-05,2017-Q3,336.09999999999997,31.44059869036483
2017-09-06,2017-Q3,338.99999999999994,31.711880261927035
2017-09-07,2017-Q3,337.84999999999997,31.6043030869972
2017-09-08,2017-Q3,333.74999999999994,31.220767072029936
2017-09-11,2017-Q3,335.2499999999999,31.36108512628625
2017-09-12,2017-Q3,329.6999999999999,30.841908325537887
2017-09-13,2017-Q3,321.4499999999999,30.07015902712816
2017-09-14,2017-Q3,324.6999999999998,30.37418147801684
2017-09-15,2017-Q3,319.9499999999999,29.929840972871844
2017-09-18,2017-Q3,333.49999999999983,31.197380729653883
2017-09-19,2017-Q3,339.6499999999998,31.77268475210477
2017-09-20,2017-Q3,333.84999999999985,31.23012160898036
2017-09-21,2017-Q3,340.9499999999999,31.894293732460245
2017-09-22,2017-Q3,319.4999999999999,29.88774555659495
2017-09-25,2017-Q3,306.1999999999999,28.64359214218896
2017-09-26,2017-Q3,304.64999999999986,28.49859681945744
2017-09-27,2017-Q3,299.7499999999999,28.04022450888681
2017-09-28,2017-Q3,301.0999999999999,28.166510757717496
2017-09-29,2017-Q3,303.04999999999984,28.348924228250706
2017-10-02,2017-Q4,303.04999999999984,28.348924228250706
2017-10-03,2017-Q4,324.59999999999985,30.364826941066426
2017-10-04,2017-Q4,342.9999999999998,32.08606173994387
2017-10-05,2017-Q4,369.1999999999997,34.53695042095416
2017-10-06,2017-Q4,369.2999999999997,34.54630495790459
2017-10-09,2017-Q4,389.0499999999997,36.39382600561272
2017-10-10,2017-Q4,415.8999999999997,38.905519176800745
2017-10-11,2017-Q4,407.39999999999964,38.110383536014965
2017-10-12,2017-Q4,417.6499999999996,39.06922357343311
2017-10-13,2017-Q4,429.44999999999965,40.17305893358279
2017-10-16,2017-Q4,435.0999999999997,40.70159027128157
2017-10-17,2017-Q4,433.8999999999997,40.58933582787652
2017-10-18,2017-Q4,443.7499999999997,41.510757717492986
2017-10-19,2017-Q4,472.59999999999974,44.20954162768943
2017-10-20,2017-Q4,472.59999999999974,44.20954162768943
2017-10-23,2017-Q4,513.8999999999996,48.07296538821328
2017-10-24,2017-Q4,518.4999999999997,48.50327408793265
2017-10-25,2017-Q4,495.6999999999997,46.370439663236674
2017-10-26,2017-Q4,505.64999999999964,47.30121608980355
2017-10-27,2017-Q4,498.19999999999965,46.60430308699719
2017-10-30,2017-Q4,514.0499999999996,48.08699719363892
2017-10-31,2017-Q4,523.3999999999996,48.96164639850328
2017-11-01,2017-Q4,509.59999999999974,47.670720299345184
2017-11-02,2017-Q4,506.09999999999974,47.34331150608045
2017-11-03,2017-Q4,498.2999999999997,46.61365762394762
2017-11-06,2017-Q4,503.3499999999997,47.08606173994388
2017-11-07,2017-Q4,505.89999999999964,47.32460243217961
2017-11-08,2017-Q4,455.3499999999997,42.595884003741816
2017-11-09,2017-Q4,444.3999999999997,41.57156220767072
2017-11-10,2017-Q4,446.74999999999966,41.79139382600562
2017-11-13,2017-Q4,425.0499999999997,39.76145930776427
2017-11-14,2017-Q4,448.6999999999997,41.97380729653882
2017-11-15,2017-Q4,433.9499999999997,40.59401309635173
2017-11-16,2017-Q4,448.09999999999974,41.9176800748363
2017-11-17,2017-Q4,441.2999999999997,41.28157156220768
2017-11-20,2017-Q4,439.2499999999997,41.08980355472404
2017-11-21,2017-Q4,433.9999999999998,40.59869036482694
2017-11-22,2017-Q4,436.19999999999976,40.804490177736206
2017-11-23,2017-Q4,444.2499999999998,41.55753040224509
2017-11-24,2017-Q4,443.2499999999998,41.46398503274088
2017-11-27,2017-Q4,435.69999999999976,40.7577174929841
2017-11-28,2017-Q4,427.4999999999998,39.99064546304958
2017-11-29,2017-Q4,426.39999999999975,39.88774555659495
2017-11-30,2017-Q4,442.44999999999976,41.38914873713751
2017-12-01,2017-Q4,438.19999999999976,29.89085948158253
2017-12-04,2017-Q4,436.3499999999998,29.764665757162348
2017-12-05,2017-Q4,437.6999999999998,29.85675306957708
2017-12-06,2017-Q4,453.1499999999998,30.9106412005457
2017-12-07,2017-Q4,463.29999999999984,31.60300136425648
2017-12-08,2017-Q4,465.14999999999986,31.72919508867667
2017-12-11,2017-Q4,468.9999999999999,31.99181446111869
2017-12-12,2017-Q4,455.8499999999999,31.09481582537517
2017-12-13,2017-Q4,445.7499999999999,30.40586630286494
2017-12-14,2017-Q4,448.29999999999984,30.57980900409277
2017-12-15,2017-Q4,477.24999999999983,32.55457025920873
2017-12-18,2017-Q4,472.0499999999998,32.19986357435198
2017-12-19,2017-Q4,485.99999999999983,33.151432469304225
2017-12-20,2017-Q4,485.54999999999984,33.12073669849932
2017-12-21,2017-Q4,480.89999999999986,32.803547066848566
2017-12-22,2017-Q4,480.9499999999999,32.80695770804911
2017-12-25,2017-Q4,480.9499999999999,32.80695770804911
2017-12-26,2017-Q4,484.29999999999995,33.03547066848567
2017-12-27,2017-Q4,490.99999999999994,33.4924965893588
2017-12-28,2017-Q4,492.3499999999999,33.584583901773534
2017-12-29,2017-Q4,493.9999999999999,33.69713506139154
2018-01-01,2018-Q1,487.7999999999999,33.27421555252388
2018-01-02,2018-Q1,480.9999999999999,32.81036834924966
2018-01-03,2018-Q1,486.69999999999993,33.199181446111865
2018-01-04,2018-Q1,486.79999999999995,33.20600272851296
2018-01-05,2018-Q1,485.34999999999997,33.10709413369714
2018-01-08,2018-Q1,484.79999999999995,33.069577080491136
2018-01-09,2018-Q1,477.34999999999997,32.56139154160982
2018-01-10,2018-Q1,472.54999999999995,32.23396998635744
2018-01-11,2018-Q1,484.05,33.018417462482944
2018-01-12,2018-Q1,483.59999999999997,32.98772169167804
2018-01-15,2018-Q1,540.4,36.86221009549795
2018-01-16,2018-Q1,485.6000000000001,33.12414733969987
2018-01-17,2018-Q1,495.05000000000007,33.768758526603
2018-01-18,2018-Q1,492.65000000000003,33.60504774897681
2018-01-19,2018-Q1,495.2500000000001,33.782401091405184
2018-01-22,2018-Q1,511.7000000000001,34.90450204638472
2018-01-23,2018-Q1,519.0000000000001,35.40245566166439
2018-01-24,2018-Q1,508.2000000000001,34.66575716234652
2018-01-25,2018-Q1,497.7500000000001,33.95293315143247
2018-01-26,2018-Q1,497.7500000000001,33.95293315143247
2018-01-29,2018-Q1,489.10000000000014,33.362892223738065
2018-01-30,2018-Q1,478.7000000000001,32.65347885402456
2018-01-31,2018-Q1,480.15000000000003,32.75238744884038
2018-02-01,2018-Q1,467.3000000000001,31.875852660300136
2018-02-02,2018-Q1,433.75000000000006,29.58731241473397
2018-02-05,2018-Q1,446.6000000000001,30.463847203274216
2018-02-06,2018-Q1,417.15000000000003,28.454979536152795
2018-02-07,2018-Q1,439.65000000000003,29.98976807639836
2018-02-08,2018-Q1,456.85000000000014,31.163028649386085
2018-02-09,2018-Q1,476.8000000000002,32.52387448840382
2018-02-12,2018-Q1,488.5500000000002,33.32537517053206
2018-02-13,2018-Q1,488.5500000000002,33.32537517053206
2018-02-14,2018-Q1,493.75000000000017,33.68008185538881
2018-02-15,2018-Q1,481.8000000000002,32.86493860845839
2018-02-16,2018-Q1,472.1000000000002,32.203274215552526
2018-02-19,2018-Q1,467.50000000000017,31.88949522510232
2018-02-20,2018-Q1,463.8000000000001,31.63710777626194
2018-02-21,2018-Q1,462.10000000000014,31.521145975443385
2018-02-22,2018-Q1,443.85000000000014,30.276261937244204
2018-02-23,2018-Q1,450.0000000000001,30.695770804911323
2018-02-26,2018-Q1,447.3000000000001,30.511596180081856
2018-02-27,2018-Q1,444.6500000000001,30.33083219645293
2018-02-28,2018-Q1,433.60000000000014,29.57708049113233
2018-03-01,2018-Q1,435.3500000000001,20.56447803495513
2018-03-02,2018-Q1,435.3500000000001,20.56447803495513
2018-03-05,2018-Q1,428.6000000000001,20.24563060935285
2018-03-06,2018-Q1,418.45000000000005,19.766178554558334
2018-03-07,2018-Q1,418.7500000000001,19.78034955125177
2018-03-08,2018-Q1,411.6000000000001,19.442607463391592
2018-03-09,2018-Q1,402.50000000000006,19.01275389702409
2018-03-12,2018-Q1,406.6500000000001,19.20878601794993
2018-03-13,2018-Q1,416.80000000000007,19.688238072744447
2018-03-14,2018-Q1,426.0500000000001,20.125177137458667
2018-03-15,2018-Q1,435.90000000000003,20.59045819555975
2018-03-16,2018-Q1,416.80000000000007,19.688238072744447
2018-03-19,2018-Q1,409.35000000000014,19.336324988190835
2018-03-20,2018-Q1,413.00000000000006,19.508738781294284
2018-03-21,2018-Q1,403.8500000000001,19.076523382144543
2018-03-22,2018-Q1,396.6000000000001,18.734057628719885
2018-03-23,2018-Q1,383.70000000000005,18.12470477090222
2018-03-26,2018-Q1,376.1000000000001,17.76570618800189
2018-03-27,2018-Q1,373.45000000000005,17.64052905054322
2018-03-28,2018-Q1,363.95000000000005,17.191780821917806
2018-03-29,2018-Q1,363.95000000000005,17.191780821917806
2018-03-30,2018-Q1,363.95000000000005,17.191780821917806
2018-04-02,2018-Q2,388.15000000000003,18.33490788852149
2018-04-03,2018-Q2,389.30000000000007,18.389230042512988
2018-04-04,2018-Q2,387.15000000000003,18.28767123287671
2018-04-05,2018-Q2,392.2000000000001,18.52621634388285
2018-04-06,2018-Q2,397.6500000000001,18.783656117146904
2018-04-09,2018-Q2,401.1000000000002,18.9466225791214
2018-04-10,2018-Q2,398.80000000000024,18.837978271138404
2018-04-11,2018-Q2,393.65000000000015,18.59470949456778
2018-04-12,2018-Q2,402.55000000000024,19.01511572980633
2018-04-13,2018-Q2,413.5500000000002,19.534718941898912
2018-04-16,2018-Q2,411.5000000000002,19.437883797827112
2018-04-17,2018-Q2,413.15000000000026,19.515824279641
2018-04-18,2018-Q2,410.9500000000003,19.411903637222483
2018-04-19,2018-Q2,436.80000000000035,20.632971185640056
2018-04-20,2018-Q2,445.5000000000003,21.043930089749644
2018-04-23,2018-Q2,429.8000000000003,20.3023145961266
2018-04-24,2018-Q2,460.7000000000002,21.761927255550304
2018-04-25,2018-Q2,449.4500000000002,21.23051487954653
2018-04-26,2018-Q2,454.8000000000003,21.483230987246102
2018-04-27,2018-Q2,454.65000000000026,21.476145488899384
2018-04-30,2018-Q2,476.45000000000033,22.5059045819556
2018-05-01,2018-Q2,476.45000000000033,22.5059045819556
2018-05-02,2018-Q2,455.10000000000036,21.497401983939536
2018-05-03,2018-Q2,464.40000000000026,21.93670288143599
2018-05-04,2018-Q2,468.40000000000026,22.12564950401511
2018-05-07,2018-Q2,486.7500000000003,22.99244213509684
2018-05-08,2018-Q2,498.9000000000003,23.56636750118092
2018-05-09,2018-Q2,498.0000000000004,23.523854511100613
2018-05-10,2018-Q2,484.2000000000004,22.871988663202643
2018-05-11,2018-Q2,484.35000000000036,22.87907416154936
2018-05-14,2018-Q2,478.50000000000034,22.602739726027394
2018-05-15,2018-Q2,474.15000000000026,22.3972602739726
2018-05-16,2018-Q2,480.0500000000003,22.675956542276804
2018-05-17,2018-Q2,480.60000000000036,22.70193670288144
2018-05-18,2018-Q2,492.1500000000003,23.247520075578645
2018-05-21,2018-Q2,473.75000000000034,22.37836561171469
2018-05-22,2018-Q2,458.6500000000003,21.665092111478504
2018-05-23,2018-Q2,453.10000000000036,21.40292867264997
2018-05-24,2018-Q2,457.4500000000004,21.60840812470477
2018-05-25,2018-Q2,464.95000000000044,21.96268304204062
2018-05-28,2018-Q2,484.5500000000005,22.88852149267832
2018-05-29,2018-Q2,469.5500000000005,22.17997165800661
2018-05-30,2018-Q2,477.35000000000053,22.5484175720359
2018-05-31,2018-Q2,477.35000000000053,22.5484175720359
2018-06-01,2018-Q2,476.4000000000005,39.89949748743719
2018-06-04,2018-Q2,468.40000000000043,39.22948073701843
2018-06-05,2018-Q2,448.0000000000004,37.52093802345059
2018-06-06,2018-Q2,464.6000000000005,38.91122278056952
2018-06-07,2018-Q2,477.45000000000044,39.98743718592965
2018-06-08,2018-Q2,473.55000000000047,39.66080402010051
2018-06-11,2018-Q2,477.65000000000043,40.00418760469012
2018-06-12,2018-Q2,478.20000000000056,40.050251256281406
2018-06-13,2018-Q2,470.4000000000005,39.39698492462311
2018-06-14,2018-Q2,468.2500000000005,39.21691792294808
2018-06-15,2018-Q2,469.1500000000005,39.29229480737018
2018-06-18,2018-Q2,468.50000000000057,39.23785594639866
2018-06-19,2018-Q2,455.8500000000006,38.178391959799
2018-06-20,2018-Q2,455.45000000000056,38.14489112227806
2018-06-21,2018-Q2,449.3000000000006,37.62981574539364
2018-06-22,2018-Q2,451.7500000000005,37.83500837520938
2018-06-25,2018-Q2,446.2500000000005,37.37437185929648
2018-06-26,2018-Q2,429.2000000000005,35.9463986599665
2018-06-27,2018-Q2,405.70000000000044,33.97822445561139
2018-06-28,2018-Q2,392.55000000000047,32.87688442211056
2018-06-29,2018-Q2,402.3500000000004,33.697654941373536
2018-07-02,2018-Q3,399.8500000000004,33.48827470686768
2018-07-03,2018-Q3,408.8000000000004,34.23785594639866
2018-07-04,2018-Q3,415.60000000000036,34.80737018425461
2018-07-05,2018-Q3,418.00000000000034,35.00837520938023
2018-07-06,2018-Q3,430.7000000000004,36.07202680067002
2018-07-09,2018-Q3,456.55000000000047,38.23701842546064
2018-07-10,2018-Q3,462.3000000000004,38.718592964824126
2018-07-11,2018-Q3,451.8000000000004,37.8391959798995
2018-07-12,2018-Q3,452.40000000000043,37.88944723618091
2018-07-13,2018-Q3,416.25000000000045,34.86180904522613
2018-07-16,2018-Q3,398.30000000000047,33.35845896147404
2018-07-17,2018-Q3,407.8500000000004,34.15829145728644
2018-07-18,2018-Q3,401.50000000000045,33.62646566164154
2018-07-19,2018-Q3,404.15000000000043,33.848408710217754
2018-07-20,2018-Q3,400.3500000000005,33.53015075376885
2018-07-23,2018-Q3,406.3500000000005,34.03266331658292
2018-07-24,2018-Q3,416.6000000000005,34.891122278056955
2018-07-25,2018-Q3,408.80000000000047,34.23785594639866
2018-07-26,2018-Q3,415.25000000000045,34.778056951423785
2018-07-27,2018-Q3,412.25000000000045,34.526800670016755
2018-07-30,2018-Q3,415.9500000000004,34.836683417085425
2018-07-31,2018-Q3,417.40000000000043,34.95812395309883
2018-08-01,2018-Q3,417.65000000000043,34.97906197654941
2018-08-02,2018-Q3,414.75000000000045,34.73618090452261
2018-08-03,2018-Q3,428.4500000000005,35.88358458961474
2018-08-06,2018-Q3,432.1000000000005,36.1892797319933
2018-08-07,2018-Q3,422.6000000000005,35.39363484087102
2018-08-08,2018-Q3,424.75000000000045,35.573701842546065
2018-08-09,2018-Q3,430.4500000000005,36.05108877721944
2018-08-10,2018-Q3,411.6000000000005,34.47236180904523
2018-08-13,2018-Q3,405.90000000000043,33.994974874371856
2018-08-14,2018-Q3,407.15000000000043,34.09966499162479
2018-08-15,2018-Q3,407.15000000000043,34.09966499162479
2018-08-16,2018-Q3,405.6500000000004,33.97403685092127
2018-08-17,2018-Q3,407.1000000000005,34.095477386934675
2018-08-20,2018-Q3,408.8500000000005,34.24204355108878
2018-08-21,2018-Q3,411.95000000000044,34.50167504187605
2018-08-22,2018-Q3,411.95000000000044,34.50167504187605
2018-08-23,2018-Q3,402.9000000000004,33.743718592964825
2018-08-24,2018-Q3,402.0500000000004,33.67252931323284
2018-08-27,2018-Q3,407.6000000000004,34.13735343383585
2018-08-28,2018-Q3,404.2500000000004,33.856783919597994
2018-08-29,2018-Q3,400.7000000000004,33.55946398659967
2018-08-30,2018-Q3,389.6000000000004,32.629815745393635
2018-08-31,2018-Q3,391.7500000000004,32.80988274706868
2018-09-03,2018-Q3,391.3000000000004,32.77219430485762
2018-09-04,2018-Q3,387.35000000000036,32.44137353433836
2018-09-05,2018-Q3,375.8500000000003,31.4782244556114
2018-09-06,2018-Q3,383.80000000000035,32.14405360134003
2018-09-07,2018-Q3,395.50000000000034,33.12395309882747
2018-09-10,2018-Q3,401.3000000000004,33.60971524288107
2018-09-11,2018-Q3,399.55000000000047,33.46314907872697
2018-09-12,2018-Q3,396.0000000000004,33.165829145728644
2018-09-13,2018-Q3,396.0000000000004,33.165829145728644
2018-09-14,2018-Q3,403.8500000000004,33.823283082077054
2018-09-17,2018-Q3,395.05000000000047,33.086264656616414
2018-09-18,2018-Q3,400.1500000000005,33.51340033500838
2018-09-19,2018-Q3,402.6000000000006,33.718592964824126
2018-09-20,2018-Q3,402.6000000000006,33.718592964824126
2018-09-21,2018-Q3,381.4000000000005,31.943048576214405
2018-09-24,2018-Q3,362.90000000000043,30.39363484087102
2018-09-25,2018-Q3,360.35000000000053,30.180067001675045
2018-09-26,2018-Q3,361.0500000000006,30.238693467336685
2018-09-27,2018-Q3,362.75000000000057,30.38107202680067
2018-09-28,2018-Q3,349.45000000000056,29.26716917922948
2018-10-01,2018-Q4,333.3500000000006,27.91876046901173
2018-10-02,2018-Q4,333.3500000000006,27.91876046901173
2018-10-03,2018-Q4,339.70000000000056,28.45058626465661
2018-10-04,2018-Q4,331.50000000000057,27.763819095477388
2018-10-05,2018-Q4,334.3500000000006,28.002512562814072
2018-10-08,2018-Q4,324.50000000000057,27.177554438860973
2018-10-09,2018-Q4,321.90000000000055,26.959798994974875
2018-10-10,2018-Q4,332.8500000000006,27.87688442211056
2018-10-11,2018-Q4,325.50000000000057,27.26130653266332
2018-10-12,2018-Q4,331.85000000000053,27.79313232830821
2018-10-15,2018-Q4,349.6500000000005,29.28391959798995
2018-10-16,2018-Q4,344.7000000000005,28.86934673366834
2018-10-17,2018-Q4,338.0000000000005,28.30820770519264
2018-10-18,2018-Q4,338.0000000000005,28.30820770519264
2018-10-19,2018-Q4,343.90000000000055,28.802345058626464
2018-10-22,2018-Q4,336.10000000000053,28.149078726968177
2018-10-23,2018-Q4,337.0500000000006,28.228643216080403
2018-10-24,2018-Q4,336.8000000000006,28.207705192629817
2018-10-25,2018-Q4,329.9500000000005,27.634003350083752
2018-10-26,2018-Q4,323.2000000000005,27.068676716917924
2018-10-29,2018-Q4,328.60000000000053,27.52093802345059
2018-10-30,2018-Q4,330.7000000000005,27.69681742043551
2018-10-31,2018-Q4,332.5000000000005,27.847571189279734
2018-11-01,2018-Q4,337.60000000000053,28.274706867671696
2018-11-02,2018-Q4,380.8000000000005,31.892797319933
2018-11-05,2018-Q4,381.75000000000057,31.97236180904523
2018-11-06,2018-Q4,375.6500000000005,31.46147403685092
2018-11-07,2018-Q4,377.75000000000057,31.637353433835848
2018-11-08,2018-Q4,377.75000000000057,31.637353433835848
2018-11-09,2018-Q4,373.5500000000006,31.285594639866
2018-11-12,2018-Q4,362.5500000000005,30.364321608040203
2018-11-13,2018-Q4,369.8000000000006,30.971524288107204
2018-11-14,2018-Q4,362.65000000000055,30.37269681742044
2018-11-15,2018-Q4,353.10000000000053,29.572864321608044
2018-11-16,2018-Q4,359.5500000000005,30.11306532663317
2018-11-19,2018-Q4,354.3000000000006,29.673366834170857
2018-11-20,2018-Q4,343.1000000000006,28.735343383584592
2018-11-21,2018-Q4,335.6500000000005,28.11139028475712
2018-11-22,2018-Q4,337.0500000000005,28.228643216080403
2018-11-23,2018-Q4,337.0500000000005,28.228643216080403
2018-11-26,2018-Q4,335.55000000000047,28.103015075376888
2018-11-27,2018-Q4,337.90000000000043,28.2998324958124
2018-11-28,2018-Q4,336.70000000000044,28.19932998324958
2018-11-29,2018-Q4,336.3000000000005,28.165829145728644
2018-11-30,2018-Q4,341.35000000000053,28.58877721943049
2018-12-03,2018-Q4,341.70000000000044,28.618090452261303
2018-12-04,2018-Q4,344.5500000000004,28.85678391959799
2018-12-05,2018-Q4,338.9000000000004,28.38358458961474
2018-12-06,2018-Q4,341.1500000000004,28.572026800670017
2018-12-07,2018-Q4,340.00000000000034,28.47571189279732
2018-12-10,2018-Q4,334.25000000000034,27.994137353433835
2018-12-11,2018-Q4,335.0500000000003,28.061139028475715
2018-12-12,2018-Q4,340.3500000000003,28.505025125628144
2018-12-13,2018-Q4,340.55000000000024,28.52177554438861
2018-12-14,2018-Q4,336.8500000000003,28.211892797319937
2018-12-17,2018-Q4,342.05000000000024,28.64740368509213
2018-12-18,2018-Q4,365.90000000000015,30.644891122278057
2018-12-19,2018-Q4,354.8000000000002,29.71524288107203
2018-12-20,2018-Q4,363.00000000000017,30.402010050251256
2018-12-21,2018-Q4,349.35000000000014,29.25879396984925
2018-12-24,2018-Q4,344.0500000000001,28.81490787269682
2018-12-25,2018-Q4,344.0500000000001,28.81490787269682
2018-12-26,2018-Q4,340.2000000000001,28.49246231155779
2018-12-27,2018-Q4,339.0500000000001,28.39614740368509
2018-12-28,2018-Q4,342.7000000000001,28.70184254606365
2018-12-31,2018-Q4,341.10000000000014,28.567839195979904
2019-01-01,2019-Q1,348.75000000000017,29.20854271356784
2019-01-02,2019-Q1,343.40000000000015,28.76046901172529
2019-01-03,2019-Q1,342.3500000000002,28.672529313232832
2019-01-04,2019-Q1,342.5500000000002,28.689279731993302
2019-01-07,2019-Q1,347.70000000000016,29.12060301507538
2019-01-08,2019-Q1,348.0500000000002,29.1499162479062
2019-01-09,2019-Q1,351.55000000000024,29.44304857621441
2019-01-10,2019-Q1,359.0000000000002,30.06700167504188
2019-01-11,2019-Q1,365.55000000000024,30.61557788944724
2019-01-14,2019-Q1,362.9000000000002,30.39363484087102
2019-01-15,2019-Q1,379.2500000000003,31.762981574539364
2019-01-16,2019-Q1,373.1000000000003,31.247906197654945
2019-01-17,2019-Q1,363.1000000000003,30.410385259631493
2019-01-18,2019-Q1,366.75000000000034,30.71608040201005
2019-01-21,2019-Q1,353.2000000000003,29.58123953098828
2019-01-22,2019-Q1,355.0000000000003,29.731993299832496
2019-01-23,2019-Q1,340.3500000000003,28.505025125628144
2019-01-24,2019-Q1,336.9500000000003,28.220268006700167
2019-01-25,2019-Q1,320.35000000000025,26.829983249581243
2019-01-28,2019-Q1,319.2500000000002,26.73785594639866
2019-01-29,2019-Q1,319.8000000000003,26.78391959798996
2019-01-30,2019-Q1,325.20000000000033,27.23618090452261
2019-01-31,2019-Q1,328.4500000000003,27.50837520938024
2019-02-01,2019-Q1,325.80000000000035,27.286432160804026
2019-02-04,2019-Q1,321.00000000000034,26.88442211055277
2019-02-05,2019-Q1,320.00000000000034,26.80067001675042
2019-02-06,2019-Q1,318.4000000000003,26.666666666666664
2019-02-07,2019-Q1,324.1500000000004,27.14824120603015
2019-02-08,2019-Q1,318.5500000000004,26.67922948073702
2019-02-11,2019-Q1,307.6500000000003,25.766331658291456
2019-02-12,2019-Q1,275.5000000000003,23.073701842546065
2019-02-13,2019-Q1,267.7000000000003,22.42043551088777
2019-02-14,2019-Q1,255.25000000000026,21.377721943048577
2019-02-15,2019-Q1,250.10000000000025,20.9463986599665
2019-02-18,2019-Q1,239.9000000000003,20.09212730318258
2019-02-19,2019-Q1,246.75000000000026,20.665829145728644
2019-02-20,2019-Q1,246.95000000000024,20.68257956448912
2019-02-21,2019-Q1,252.35000000000025,21.134840871021776
2019-02-22,2019-Q1,258.5000000000002,21.6499162479062
2019-02-25,2019-Q1,264.7500000000002,22.173366834170857
2019-02-26,2019-Q1,256.3000000000003,21.46566164154104
2019-02-27,2019-Q1,256.10000000000025,21.448911222780573
2019-02-28,2019-Q1,259.7500000000003,21.75460636515913
2019-03-01,2019-Q1,274.15000000000026,45.53986710963455
2019-03-04,2019-Q1,274.15000000000026,45.53986710963455
2019-03-05,2019-Q1,290.9500000000002,48.33056478405316
2019-03-06,2019-Q1,286.4000000000002,47.57475083056478
2019-03-07,2019-Q1,282.6500000000002,46.951827242524914
2019-03-08,2019-Q1,287.1500000000002,47.69933554817276
2019-03-11,2019-Q1,296.2000000000003,49.202657807308974
2019-03-12,2019-Q1,308.2000000000002,51.19601328903655
2019-03-13,2019-Q1,309.55000000000024,51.4202657807309
2019-03-14,2019-Q1,310.60000000000025,51.59468438538207
2019-03-15,2019-Q1,306.7500000000002,50.95514950166113
2019-03-18,2019-Q1,296.55000000000024,49.260797342192696
2019-03-19,2019-Q1,306.85000000000025,50.9717607973422
2019-03-20,2019-Q1,305.1000000000003,50.6810631229236
2019-03-21,2019-Q1,305.1000000000003,50.6810631229236
2019-03-22,2019-Q1,300.5500000000003,49.92524916943522
2019-03-25,2019-Q1,291.55000000000024,48.43023255813954
2019-03-26,2019-Q1,301.85000000000025,50.14119601328905
2019-03-27,2019-Q1,303.9500000000003,50.49003322259136
2019-03-28,2019-Q1,313.15000000000026,52.01827242524917
2019-03-29,2019-Q1,305.9500000000003,50.82225913621263
2019-04-01,2019-Q2,314.6000000000003,52.25913621262459
2019-04-02,2019-Q2,310.6000000000003,51.59468438538207
2019-04-03,2019-Q2,315.4500000000003,52.40033222591362
2019-04-04,2019-Q2,323.8500000000003,53.795681063122935
2019-04-05,2019-Q2,330.20000000000033,54.85049833887043
2019-04-08,2019-Q2,327.10000000000036,54.33554817275749
2019-04-09,2019-Q2,322.80000000000035,53.62126245847177
2019-04-10,2019-Q2,331.00000000000034,54.98338870431894
2019-04-11,2019-Q2,327.85000000000036,54.46013289036546
2019-04-12,2019-Q2,324.80000000000035,53.95348837209303
2019-04-15,2019-Q2,328.90000000000026,54.63455149501661
2019-04-16,2019-Q2,324.3500000000003,53.878737541528245
2019-04-17,2019-Q2,324.3500000000003,53.878737541528245
2019-04-18,2019-Q2,321.65000000000026,53.43023255813954
2019-04-19,2019-Q2,321.65000000000026,53.43023255813954
2019-04-22,2019-Q2,315.6000000000003,52.425249169435226
2019-04-23,2019-Q2,315.65000000000026,52.43355481727575
2019-04-24,2019-Q2,313.30000000000024,52.04318936877077
2019-04-25,2019-Q2,313.4500000000003,52.06810631229236
2019-04-26,2019-Q2,321.3000000000003,53.37209302325582
2019-04-29,2019-Q2,321.3000000000003,53.37209302325582
2019-04-30,2019-Q2,313.4500000000003,52.06810631229236
2019-05-01,2019-Q2,313.4500000000003,52.06810631229236
2019-05-02,2019-Q2,314.30000000000024,52.2093023255814
2019-05-03,2019-Q2,311.05000000000024,51.66943521594685
2019-05-06,2019-Q2,313.2000000000002,52.0265780730897
2019-05-07,2019-Q2,301.10000000000025,50.016611295681074
2019-05-08,2019-Q2,304.60000000000025,50.59800664451828
2019-05-09,2019-Q2,291.35000000000025,48.39700996677742
2019-05-10,2019-Q2,292.7000000000002,48.62126245847176
2019-05-13,2019-Q2,291.75000000000017,48.46345514950166
2019-05-14,2019-Q2,282.25000000000017,46.88538205980067
2019-05-15,2019-Q2,283.0500000000002,47.01827242524917
2019-05-16,2019-Q2,282.25000000000017,46.88538205980067
2019-05-17,2019-Q2,282.20000000000016,46.87707641196013
2019-05-20,2019-Q2,300.5500000000002,49.92524916943522
2019-05-21,2019-Q2,298.0000000000001,49.50166112956811
2019-05-22,2019-Q2,294.6500000000001,48.94518272425249
2019-05-23,2019-Q2,293.8000000000001,48.80398671096346
2019-05-24,2019-Q2,305.80000000000007,50.79734219269103
2019-05-27,2019-Q2,317.95,52.8156146179402
2019-05-28,2019-Q2,307.0,50.99667774086379
2019-05-29,2019-Q2,308.24999999999994,51.20431893687708
2019-05-30,2019-Q2,289.04999999999995,48.01495016611296
2019-05-31,2019-Q2,292.8999999999999,48.65448504983389
2019-06-03,2019-Q2,287.79999999999995,47.80730897009968
2019-06-04,2019-Q2,287.15,47.69933554817276
2019-06-05,2019-Q2,287.15,47.69933554817276
2019-06-06,2019-Q2,280.54999999999995,46.6029900332226
2019-06-07,2019-Q2,278.25,46.22093023255815
2019-06-10,2019-Q2,266.74999999999994,44.31063122923588
2019-06-11,2019-Q2,265.84999999999997,44.16112956810632
2019-06-12,2019-Q2,273.99999999999994,45.51495016611296
2019-06-13,2019-Q2,263.44999999999993,43.7624584717608
2019-06-14,2019-Q2,262.2,43.55481727574751
2019-06-17,2019-Q2,251.85,41.83554817275748
2019-06-18,2019-Q2,244.3,40.58139534883721
2019-06-19,2019-Q2,238.3,39.584717607973424
2019-06-20,2019-Q2,243.35,40.42358803986711
2019-06-21,2019-Q2,244.15,40.556478405315616
2019-06-24,2019-Q2,240.25,39.90863787375415
2019-06-25,2019-Q2,236.69999999999996,39.31893687707641
2019-06-26,2019-Q2,239.54999999999998,39.79235880398672
2019-06-27,2019-Q2,238.79999999999998,39.66777408637874
2019-06-28,2019-Q2,233.84999999999997,38.84551495016611
2019-07-01,2019-Q3,238.75,39.659468438538205
2019-07-02,2019-Q3,249.25,41.40365448504984
2019-07-03,2019-Q3,250.64999999999998,41.63621262458472
2019-07-04,2019-Q3,253.69999999999996,42.142857142857146
2019-07-05,2019-Q3,240.24999999999997,39.90863787375415
2019-07-08,2019-Q3,234.49999999999994,38.95348837209303
2019-07-09,2019-Q3,234.99999999999994,39.036544850498345
2019-07-10,2019-Q3,232.64999999999992,38.64617940199336
2019-07-11,2019-Q3,232.89999999999992,38.68770764119602
2019-07-12,2019-Q3,232.64999999999992,38.64617940199336
2019-07-15,2019-Q3,227.19999999999993,37.74086378737542
2019-07-16,2019-Q3,225.54999999999995,37.46677740863788
2019-07-17,2019-Q3,229.49999999999991,38.12292358803987
2019-07-18,2019-Q3,224.04999999999993,37.217607973421934
2019-07-19,2019-Q3,214.79999999999995,35.68106312292359
2019-07-22,2019-Q3,205.5999999999999,34.15282392026578
2019-07-23,2019-Q3,206.64999999999992,34.32724252491695
2019-07-24,2019-Q3,209.09999999999988,34.734219269102994
2019-07-25,2019-Q3,212.64999999999992,35.323920265780735
2019-07-26,2019-Q3,212.5999999999999,35.3156146179402
2019-07-29,2019-Q3,211.9499999999999,35.20764119601329
2019-07-30,2019-Q3,210.24999999999991,34.92524916943522
2019-07-31,2019-Q3,210.9999999999999,35.04983388704319
2019-08-01,2019-Q3,207.64999999999992,34.493355481727576
2019-08-02,2019-Q3,208.2499999999999,34.593023255813954
2019-08-05,2019-Q3,199.4999999999999,33.139534883720934
2019-08-06,2019-Q3,200.0999999999999,33.23920265780731
2019-08-07,2019-Q3,205.9499999999999,34.2109634551495
2019-08-08,2019-Q3,208.74999999999994,34.67607973421927
2019-08-09,2019-Q3,206.24999999999994,34.260797342192696
2019-08-12,2019-Q3,206.24999999999994,34.260797342192696
2019-08-13,2019-Q3,202.54999999999995,33.64617940199336
2019-08-14,2019-Q3,193.69999999999993,32.17607973421927
2019-08-15,2019-Q3,193.69999999999993,32.17607973421927
2019-08-16,2019-Q3,194.49999999999997,32.308970099667775
2019-08-19,2019-Q3,195.84999999999997,32.533222591362126
2019-08-20,2019-Q3,198.09999999999997,32.906976744186046
2019-08-21,2019-Q3,193.69999999999996,32.17607973421927
2019-08-22,2019-Q3,177.35,29.46013289036545
2019-08-23,2019-Q3,178.7,29.6843853820598
2019-08-26,2019-Q3,182.75,30.357142857142858
2019-08-27,2019-Q3,192.75,32.01827242524917
2019-08-28,2019-Q3,182.75,30.357142857142858
2019-08-29,2019-Q3,176.65,29.34385382059801
2019-08-30,2019-Q3,179.75,29.858803986710967
2019-09-02,2019-Q3,179.75,29.858803986710967
2019-09-03,2019-Q3,174.29999999999998,28.953488372093027
2019-09-04,2019-Q3,175.04999999999998,29.078073089701
2019-09-05,2019-Q3,177.24999999999997,29.443521594684388
2019-09-06,2019-Q3,183.99999999999994,30.56478405315615
2019-09-09,2019-Q3,187.74999999999994,31.187707641196017
2019-09-10,2019-Q3,187.74999999999994,31.187707641196017
2019-09-11,2019-Q3,192.29999999999995,31.94352159468439
2019-09-12,2019-Q3,192.29999999999995,31.94352159468439
2019-09-13,2019-Q3,197.24999999999991,32.76578073089701
2019-09-16,2019-Q3,198.14999999999995,32.91528239202658
2019-09-17,2019-Q3,189.89999999999998,31.544850498338874
2019-09-18,2019-Q3,191.54999999999998,31.818936877076418
2019-09-19,2019-Q3,188.14999999999998,31.25415282392027
2019-09-20,2019-Q3,204.84999999999997,34.02823920265781
2019-09-23,2019-Q3,206.44999999999996,34.294019933554814
2019-09-24,2019-Q3,213.19999999999996,35.415282392026576
2019-09-25,2019-Q3,209.84999999999997,34.85880398671097
2019-09-26,2019-Q3,213.85,35.52325581395349
2019-09-27,2019-Q3,209.8,34.85049833887044
2019-09-30,2019-Q3,202.4,33.62126245847176
2019-10-01,2019-Q4,200.15,33.24750830564784
2019-10-02,2019-Q4,200.15,33.24750830564784
2019-10-03,2019-Q4,196.05,32.56644518272426
2019-10-04,2019-Q4,196.29999999999998,32.607973421926914
2019-10-07,2019-Q4,192.55,31.985049833887047
2019-10-08,2019-Q4,192.55,31.985049833887047
2019-10-09,2019-Q4,198.95,33.048172757475086
2019-10-10,2019-Q4,201.20000000000002,33.42192691029901
2019-10-11,2019-Q4,200.85000000000002,33.363787375415285
2019-10-14,2019-Q4,204.00000000000006,33.887043189368775
2019-10-15,2019-Q4,197.05000000000004,32.73255813953489
2019-10-16,2019-Q4,194.55,32.31727574750831
2019-10-17,2019-Q4,197.35000000000002,32.78239202657807
2019-10-18,2019-Q4,199.55000000000007,33.147840531561464
2019-10-21,2019-Q4,199.55000000000007,33.147840531561464
2019-10-22,2019-Q4,198.55000000000004,32.981727574750835
2019-10-23,2019-Q4,200.05000000000007,33.23089700996678
2019-10-24,2019-Q4,207.25000000000009,34.426910299003325
2019-10-25,2019-Q4,202.20000000000007,33.58803986710964
2019-10-27,2019-Q4,205.00000000000009,34.053156146179404
2019-10-28,2019-Q4,205.00000000000009,34.053156146179404
2019-10-29,2019-Q4,205.50000000000009,34.13621262458472
2019-10-30,2019-Q4,206.05000000000007,34.22757475083057
2019-10-31,2019-Q4,216.5500000000001,35.9717607973422
2019-11-01,2019-Q4,221.70000000000007,36.82724252491695
2019-11-04,2019-Q4,219.4000000000001,36.4451827242525
2019-11-05,2019-Q4,211.50000000000006,35.13289036544851
2019-11-06,2019-Q4,203.9000000000001,33.87043189368771
2019-11-07,2019-Q4,206.0000000000001,34.21926910299003
2019-11-08,2019-Q4,202.85000000000008,33.69601328903654
2019-11-11,2019-Q4,201.75000000000009,33.513289036544855
2019-11-12,2019-Q4,201.75000000000009,33.513289036544855
2019-11-13,2019-Q4,197.05000000000007,32.73255813953489
2019-11-14,2019-Q4,193.20000000000002,32.093023255813954
2019-11-15,2019-Q4,192.40000000000006,31.96013289036545
2019-11-18,2019-Q4,193.45000000000002,32.13455149501661
2019-11-19,2019-Q4,194.30000000000004,32.27574750830565
2019-11-20,2019-Q4,193.70000000000002,32.17607973421927
2019-11-21,2019-Q4,190.80000000000007,31.694352159468444
2019-11-22,2019-Q4,188.95000000000005,31.38704318936877
2019-11-25,2019-Q4,190.70000000000005,31.67774086378737
2019-11-26,2019-Q4,195.00000000000003,32.39202657807309
2019-11-27,2019-Q4,190.75,31.68604651162791
2019-11-28,2019-Q4,192.65,32.00166112956811
2019-11-29,2019-Q4,193.30000000000004,32.10963455149502
2019-12-02,2019-Q4,189.30000000000007,31.445182724252497
2019-12-03,2019-Q4,186.60000000000002,30.996677740863788
2019-12-04,2019-Q4,185.95000000000005,30.88870431893688
2019-12-05,2019-Q4,181.05000000000007,30.07475083056479
2019-12-06,2019-Q4,178.25000000000009,29.60963455149502
2019-12-09,2019-Q4,168.80000000000007,28.03986710963456
2019-12-10,2019-Q4,170.70000000000005,28.35548172757475
2019-12-11,2019-Q4,171.05000000000007,28.41362126245848
2019-12-12,2019-Q4,173.50000000000006,28.82059800664452
2019-12-13,2019-Q4,170.90000000000006,28.38870431893688
2019-12-16,2019-Q4,170.95000000000005,28.397009966777407
2019-12-17,2019-Q4,173.25000000000003,28.77906976744186
2019-12-18,2019-Q4,173.05000000000004,28.74584717607974
2019-12-19,2019-Q4,171.40000000000003,28.4717607973422
2019-12-20,2019-Q4,168.05000000000004,27.915282392026583
2019-12-23,2019-Q4,166.95000000000002,27.732558139534884
2019-12-24,2019-Q4,166.95000000000002,27.732558139534884
2019-12-25,2019-Q4,166.95000000000002,27.732558139534884
2019-12-26,2019-Q4,172.45,28.64617940199336
2019-12-27,2019-Q4,169.25000000000003,28.11461794019933
2019-12-30,2019-Q4,166.90000000000003,27.724252491694354
2019-12-31,2019-Q4,163.90000000000006,27.22591362126246
2020-01-01,2020-Q1,162.10000000000008,26.926910299003325
2020-01-02,2020-Q1,168.3000000000001,27.95681063122924
2020-01-03,2020-Q1,170.20000000000007,28.27242524916944
2020-01-06,2020-Q1,164.6500000000001,27.35049833887044
2020-01-07,2020-Q1,177.05000000000013,29.41029900332226
2020-01-08,2020-Q1,184.8000000000001,30.697674418604656
2020-01-09,2020-Q1,191.10000000000008,31.74418604651163
2020-01-10,2020-Q1,189.10000000000008,31.411960132890368
2020-01-13,2020-Q1,193.50000000000009,32.142857142857146
2020-01-14,2020-Q1,195.75000000000006,32.51661129568107
2020-01-15,2020-Q1,200.25000000000006,33.26411960132891
2020-01-16,2020-Q1,205.65000000000006,34.16112956810632
2020-01-17,2020-Q1,197.50000000000006,32.80730897009967
2020-01-20,2020-Q1,194.00000000000006,32.225913621262464
2020-01-21,2020-Q1,194.05000000000007,32.234219269102994
2020-01-22,2020-Q1,202.75000000000003,33.679401993355484
2020-01-23,2020-Q1,205.10000000000002,34.06976744186046
2020-01-24,2020-Q1,209.0,34.71760797342193
2020-01-27,2020-Q1,209.2,34.75083056478405
2020-01-28,2020-Q1,205.65,34.16112956810632
2020-01-29,2020-Q1,202.35,33.61295681063123
2020-01-30,2020-Q1,194.5,32.308970099667775
2020-01-31,2020-Q1,193.85,32.20099667774087
2020-02-01,2020-Q1,182.65,30.3405315614618
2020-02-03,2020-Q1,170.20000000000002,28.27242524916944
2020-02-04,2020-Q1,172.75000000000003,28.696013289036543
2020-02-05,2020-Q1,173.55,28.828903654485053
2020-02-06,2020-Q1,174.39999999999998,28.97009966777409
2020-02-07,2020-Q1,182.04999999999998,30.24086378737542
2020-02-10,2020-Q1,196.54999999999998,32.64950166112957
2020-02-11,2020-Q1,189.94999999999996,31.5531561461794
2020-02-12,2020-Q1,192.9,32.04318936877077
2020-02-13,2020-Q1,186.35000000000002,30.95514950166113
2020-02-14,2020-Q1,183.2,30.43189368770764
2020-02-17,2020-Q1,177.55,29.49335548172758
2020-02-18,2020-Q1,173.2,28.770764119601328
2020-02-19,2020-Q1,177.75000000000003,29.526578073089706
2020-02-20,2020-Q1,176.95000000000002,29.393687707641195
2020-02-21,2020-Q1,176.95000000000002,29.393687707641195
2020-02-24,2020-Q1,170.45000000000002,28.313953488372093
2020-02-25,2020-Q1,173.15000000000003,28.7624584717608
2020-02-26,2020-Q1,169.15,28.098006644518275
2020-02-27,2020-Q1,165.5,27.49169435215947
2020-02-28,2020-Q1,155.85,25.88870431893688
2020-03-02,2020-Q1,160.05,26.586378737541533
2020-03-03,2020-Q1,161.85,26.885382059800666
2020-03-04,2020-Q1,156.1,25.930232558139537
2020-03-05,2020-Q1,155.8,25.880398671096348
2020-03-06,2020-Q1,146.4,24.31893687707641
2020-03-09,2020-Q1,136.45,22.66611295681064
2020-03-10,2020-Q1,136.45,22.66611295681064
2020-03-11,2020-Q1,141.35,23.480066445182725
2020-03-12,2020-Q1,132.4,21.993355481727576
2020-03-13,2020-Q1,135.14999999999998,22.45016611295681
2020-03-16,2020-Q1,125.64999999999999,20.87209302325581
2020-03-17,2020-Q1,122.44999999999999,20.340531561461795
2020-03-18,2020-Q1,117.59999999999998,19.53488372093023
2020-03-19,2020-Q1,108.8,18.07308970099668
2020-03-20,2020-Q1,115.9,19.25249169435216
2020-03-23,2020-Q1,99.55,16.53654485049834
2020-03-24,2020-Q1,98.0,16.27906976744186
2020-03-25,2020-Q1,102.24999999999999,16.985049833887043
2020-03-26,2020-Q1,109.44999999999999,18.18106312292359
2020-03-27,2020-Q1,106.24999999999999,17.64950166112957
2020-03-30,2020-Q1,104.94999999999997,17.43355481727575
2020-03-31,2020-Q1,114.69999999999997,19.053156146179404
2020-04-01,2020-Q2,112.34999999999997,18.66279069767442
2020-04-02,2020-Q2,112.34999999999997,18.66279069767442
2020-04-03,2020-Q2,109.19999999999997,18.13953488372093
2020-04-06,2020-Q2,109.19999999999997,18.13953488372093
2020-04-07,2020-Q2,116.59999999999997,19.368770764119603
2020-04-08,2020-Q2,121.84999999999997,20.240863787375417
2020-04-09,2020-Q2,132.24999999999997,21.96843853820598
2020-04-10,2020-Q2,132.24999999999997,21.96843853820598
2020-04-13,2020-Q2,131.59999999999997,21.86046511627907
2020-04-14,2020-Q2,131.59999999999997,21.86046511627907
2020-04-15,2020-Q2,139.24999999999997,23.1312292358804
2020-04-16,2020-Q2,144.14999999999995,23.945182724252494
2020-04-17,2020-Q2,145.04999999999995,24.094684385382063
2020-04-20,2020-Q2,142.39999999999995,23.65448504983389
2020-04-21,2020-Q2,135.04999999999998,22.433554817275752
2020-04-22,2020-Q2,137.39999999999995,22.82392026578073
2020-04-23,2020-Q2,138.84999999999994,23.064784053156146
2020-04-24,2020-Q2,142.34999999999994,23.64617940199336
2020-04-27,2020-Q2,140.09999999999994,23.27242524916944
2020-04-28,2020-Q2,144.34999999999997,23.97840531561462
2020-04-29,2020-Q2,146.19999999999996,24.285714285714285
2020-04-30,2020-Q2,140.7,23.37209302325581
2020-05-01,2020-Q2,140.7,23.37209302325581
2020-05-04,2020-Q2,137.65,22.86544850498339
2020-05-05,2020-Q2,140.94999999999996,23.41362126245847
2020-05-06,2020-Q2,141.99999999999997,23.58803986710964
2020-05-07,2020-Q2,139.44999999999996,23.164451827242523
2020-05-08,2020-Q2,135.79999999999998,22.558139534883725
2020-05-11,2020-Q2,134.19999999999996,22.292358803986712
2020-05-12,2020-Q2,135.3,22.475083056478407
2020-05-13,2020-Q2,142.2,23.62126245847176
2020-05-14,2020-Q2,143.4,23.82059800664452
2020-05-15,2020-Q2,138.34999999999997,22.98172757475083
2020-05-18,2020-Q2,132.34999999999997,21.985049833887043
2020-05-19,2020-Q2,132.54999999999998,22.01827242524917
2020-05-20,2020-Q2,131.74999999999997,21.885382059800666
2020-05-21,2020-Q2,130.14999999999998,21.619601328903656
2020-05-22,2020-Q2,128.59999999999997,21.36212624584717
2020-05-25,2020-Q2,128.59999999999997,21.36212624584717
2020-05-26,2020-Q2,126.49999999999996,21.01328903654485
2020-05-27,2020-Q2,126.24999999999997,20.9717607973422
2020-05-28,2020-Q2,130.49999999999997,21.677740863787378
2020-05-29,2020-Q2,130.64999999999995,21.702657807308974
2020-06-01,2020-Q2,137.59999999999994,
2020-06-02,2020-Q2,138.34999999999994,
2020-06-03,2020-Q2,140.64999999999995,
2020-06-04,2020-Q2,139.74999999999997,
2020-06-05,2020-Q2,145.19999999999996,
2020-06-08,2020-Q2,145.14999999999998,
2020-06-09,2020-Q2,152.34999999999994,
2020-06-10,2020-Q2,152.29999999999995,
2020-06-11,2020-Q2,155.44999999999993,
2020-06-12,2020-Q2,152.49999999999994,
2020-06-15,2020-Q2,160.19999999999993,
2020-06-16,2020-Q2,155.04999999999995,
2020-06-17,2020-Q2,153.14999999999995,
2020-06-18,2020-Q2,157.44999999999993,
2020-06-19,2020-Q2,155.34999999999994,
2020-06-22,2020-Q2,156.19999999999993,
2020-06-23,2020-Q2,161.59999999999994,
2020-06-24,2020-Q2,158.24999999999994,
2020-06-25,2020-Q2,162.09999999999994,
2020-06-26,2020-Q2,161.09999999999994,
2020-06-29,2020-Q2,157.14999999999995,
2020-06-30,2020-Q2,153.24999999999994,
2020-07-01,2020-Q3,155.84999999999994,
2020-07-02,2020-Q3,153.94999999999993,
2020-07-03,2020-Q3,154.29999999999995,
2020-07-06,2020-Q3,158.29999999999995,
2020-07-07,2020-Q3,160.24999999999994,
2020-07-08,2020-Q3,163.4499999999999,
2020-07-09,2020-Q3,170.39999999999995,
2020-07-10,2020-Q3,173.19999999999993,
2020-07-13,2020-Q3,170.99999999999994,
2020-07-14,2020-Q3,164.0999999999999,
2020-07-15,2020-Q3,159.9499999999999,
2020-07-16,2020-Q3,158.69999999999993,
2020-07-17,2020-Q3,161.6999999999999,
2020-07-20,2020-Q3,163.29999999999993,
2020-07-21,2020-Q3,163.79999999999993,
2020-07-22,2020-Q3,163.5999999999999,
2020-07-23,2020-Q3,163.94999999999987,
2020-07-24,2020-Q3,161.74999999999991,
2020-07-27,2020-Q3,158.14999999999992,
2020-07-28,2020-Q3,160.0999999999999,
2020-07-29,2020-Q3,166.6999999999999,
2020-07-30,2020-Q3,163.94999999999987,
2020-07-31,2020-Q3,164.24999999999986,
2020-08-03,2020-Q3,162.7999999999999,
2020-08-04,2020-Q3,165.34999999999985,
2020-08-05,2020-Q3,164.34999999999985,
2020-08-06,2020-Q3,164.39999999999986,
2020-08-07,2020-Q3,165.79999999999987,
2020-08-10,2020-Q3,167.59999999999982,
2020-08-11,2020-Q3,173.34999999999982,
2020-08-12,2020-Q3,170.29999999999984,
2020-08-13,2020-Q3,169.04999999999984,
2020-08-14,2020-Q3,169.04999999999984,
2020-08-17,2020-Q3,176.7999999999998,
2020-08-18,2020-Q3,178.7999999999998,
2020-08-19,2020-Q3,177.4999999999998,
2020-08-20,2020-Q3,182.94999999999976,
2020-08-21,2020-Q3,195.49999999999974,
2020-08-24,2020-Q3,216.49999999999974,
2020-08-25,2020-Q3,223.69999999999973,
2020-08-26,2020-Q3,220.79999999999973,
2020-08-27,2020-Q3,219.09999999999968,
2020-08-28,2020-Q3,218.7999999999997,
2020-08-31,2020-Q3,202.6999999999997,
2020-09-01,2020-Q3,189.9499999999997,21.294843049327355
2020-09-02,2020-Q3,206.5499999999997,23.15582959641256
2020-09-03,2020-Q3,218.0499999999997,24.445067264574
2020-09-04,2020-Q3,208.74999999999972,23.402466367713004
2020-09-07,2020-Q3,212.9499999999997,23.873318385650222
2020-09-08,2020-Q3,207.34999999999968,23.245515695067265
2020-09-09,2020-Q3,205.9999999999997,23.094170403587444
2020-09-10,2020-Q3,211.89999999999966,23.75560538116592
2020-09-11,2020-Q3,210.04999999999967,23.548206278026907
2020-09-14,2020-Q3,214.24999999999966,24.019058295964125
2020-09-15,2020-Q3,208.34999999999965,23.35762331838565
2020-09-16,2020-Q3,209.39999999999966,23.47533632286996
2020-09-17,2020-Q3,214.44999999999968,24.041479820627803
2020-09-18,2020-Q3,223.34999999999968,25.03923766816144
2020-09-21,2020-Q3,209.59999999999968,23.49775784753363
2020-09-22,2020-Q3,208.59999999999968,23.385650224215247
2020-09-23,2020-Q3,210.49999999999974,23.59865470852018
2020-09-24,2020-Q3,205.14999999999975,22.998878923766817
2020-09-25,2020-Q3,209.0999999999997,23.44170403587444
2020-09-28,2020-Q3,210.89999999999975,23.64349775784753
2020-09-29,2020-Q3,209.9499999999997,23.536995515695065
2020-09-30,2020-Q3,208.04999999999973,23.323991031390136
2020-10-01,2020-Q4,212.74999999999972,23.85089686098655
2020-10-02,2020-Q4,212.74999999999972,23.85089686098655
2020-10-05,2020-Q4,208.1999999999997,23.34080717488789
2020-10-06,2020-Q4,210.19999999999973,23.565022421524663
2020-10-07,2020-Q4,209.29999999999976,23.46412556053812
2020-10-08,2020-Q4,210.9499999999997,23.64910313901345
2020-10-09,2020-Q4,206.74999999999972,23.17825112107624
2020-10-12,2020-Q4,199.24999999999972,22.33744394618834
2020-10-13,2020-Q4,192.04999999999976,21.530269058295964
2020-10-14,2020-Q4,184.84999999999974,20.723094170403588
2020-10-15,2020-Q4,192.24999999999974,21.55269058295964
2020-10-16,2020-Q4,196.89999999999975,22.073991031390136
2020-10-19,2020-Q4,200.94999999999973,22.528026905829595
2020-10-20,2020-Q4,198.74999999999972,22.281390134529147
2020-10-21,2020-Q4,197.99999999999974,22.19730941704036
2020-10-22,2020-Q4,205.3499999999997,23.02130044843049
2020-10-23,2020-Q4,204.59999999999974,22.937219730941703
2020-10-26,2020-Q4,209.44999999999973,23.480941704035875
2020-10-27,2020-Q4,207.94999999999973,23.31278026905829
2020-10-28,2020-Q4,209.69999999999973,23.50896860986547
2020-10-29,2020-Q4,207.74999999999974,23.29035874439462
2020-10-30,2020-Q4,205.79999999999978,23.071748878923767
2020-11-02,2020-Q4,203.74999999999977,22.841928251121075
2020-11-03,2020-Q4,203.4999999999998,22.81390134529148
2020-11-04,2020-Q4,201.99999999999977,22.645739910313903
2020-11-05,2020-Q4,205.74999999999974,23.06614349775785
2020-11-06,2020-Q4,208.4499999999997,23.368834080717487
2020-11-09,2020-Q4,200.14999999999975,22.43834080717489
2020-11-10,2020-Q4,196.5999999999997,22.04035874439462
2020-11-11,2020-Q4,190.99999999999974,21.41255605381166
2020-11-12,2020-Q4,191.64999999999975,21.48542600896861
2020-11-13,2020-Q4,192.29999999999973,21.558295964125563
2020-11-14,2020-Q4,196.69999999999973,22.05156950672645
2020-11-16,2020-Q4,196.69999999999973,22.05156950672645
2020-11-17,2020-Q4,190.89999999999975,21.40134529147982
2020-11-18,2020-Q4,192.9499999999997,21.63116591928251
2020-11-19,2020-Q4,191.74999999999972,21.496636771300448
2020-11-20,2020-Q4,192.5999999999997,21.591928251121075
2020-11-23,2020-Q4,194.04999999999973,21.75448430493274
2020-11-24,2020-Q4,206.19999999999973,23.11659192825112
2020-11-25,2020-Q4,201.94999999999973,22.640134529147986
2020-11-26,2020-Q4,207.94999999999973,23.31278026905829
2020-11-27,2020-Q4,210.14999999999972,23.559417040358746
2020-11-30,2020-Q4,210.14999999999972,23.559417040358746
2020-12-01,2020-Q4,211.4499999999997,13.686084142394822
2020-12-02,2020-Q4,214.5999999999997,13.889967637540453
2020-12-03,2020-Q4,222.0999999999997,14.375404530744335
2020-12-04,2020-Q4,225.5999999999997,14.601941747572816
2020-12-07,2020-Q4,241.3999999999997,15.624595469255665
2020-12-08,2020-Q4,233.1999999999997,15.093851132686083
2020-12-09,2020-Q4,243.24999999999972,15.74433656957929
2020-12-10,2020-Q4,250.39999999999972,16.207119741100325
2020-12-11,2020-Q4,242.8499999999997,15.718446601941748
2020-12-14,2020-Q4,248.0499999999997,16.055016181229774
2020-12-15,2020-Q4,243.99999999999972,15.792880258899675
2020-12-16,2020-Q4,246.89999999999975,15.980582524271846
2020-12-17,2020-Q4,242.94999999999973,15.724919093851131
2020-12-18,2020-Q4,240.89999999999975,15.59223300970874
2020-12-21,2020-Q4,219.94999999999976,14.236245954692556
2020-12-22,2020-Q4,211.84999999999977,13.711974110032363
2020-12-23,2020-Q4,216.94999999999973,14.042071197411005
2020-12-24,2020-Q4,228.74999999999974,14.805825242718448
2020-12-25,2020-Q4,228.74999999999974,14.805825242718448
2020-12-28,2020-Q4,230.39999999999972,14.9126213592233
2020-12-29,2020-Q4,227.8499999999997,14.747572815533982
2020-12-30,2020-Q4,222.49999999999974,14.401294498381878
2020-12-31,2020-Q4,223.99999999999974,14.498381877022654
2021-01-01,2021-Q1,225.49999999999974,14.595469255663431
2021-01-04,2021-Q1,225.94999999999973,14.624595469255665
2021-01-05,2021-Q1,227.89999999999975,14.750809061488674
2021-01-06,2021-Q1,224.14999999999975,14.508090614886733
2021-01-07,2021-Q1,225.59999999999974,14.601941747572816
2021-01-08,2021-Q1,222.8499999999997,14.423948220064725
2021-01-11,2021-Q1,222.24999999999974,14.385113268608414
2021-01-12,2021-Q1,222.04999999999976,14.372168284789645
2021-01-13,2021-Q1,218.19999999999976,14.122977346278317
2021-01-14,2021-Q1,221.34999999999974,14.326860841423947
2021-01-15,2021-Q1,214.69999999999973,13.896440129449838
2021-01-18,2021-Q1,210.79999999999976,13.64401294498382
2021-01-19,2021-Q1,210.84999999999974,13.647249190938512
2021-01-20,2021-Q1,209.64999999999975,13.56957928802589
2021-01-21,2021-Q1,217.24999999999977,14.06148867313916
2021-01-22,2021-Q1,213.29999999999978,13.805825242718448
2021-01-25,2021-Q1,208.7999999999998,13.514563106796118
2021-01-26,2021-Q1,208.7999999999998,13.514563106796118
2021-01-27,2021-Q1,205.09999999999982,13.275080906148869
2021-01-28,2021-Q1,207.9999999999998,13.462783171521036
2021-01-29,2021-Q1,210.79999999999978,13.64401294498382
2021-02-01,2021-Q1,211.04999999999978,13.660194174757285
2021-02-02,2021-Q1,211.89999999999978,13.715210355987056
2021-02-03,2021-Q1,221.74999999999977,14.35275080906149
2021-02-04,2021-Q1,230.49999999999974,14.919093851132686
2021-02-05,2021-Q1,228.14999999999975,14.766990291262138
2021-02-08,2021-Q1,222.79999999999976,14.420711974110034
2021-02-09,2021-Q1,226.94999999999973,14.689320388349516
2021-02-10,2021-Q1,223.19999999999973,14.446601941747574
2021-02-11,2021-Q1,224.39999999999972,14.524271844660197
2021-02-12,2021-Q1,225.44999999999968,14.592233009708735
2021-02-15,2021-Q1,229.09999999999974,14.828478964401295
2021-02-16,2021-Q1,227.54999999999973,14.728155339805827
2021-02-17,2021-Q1,225.54999999999973,14.598705501618124
2021-02-18,2021-Q1,231.09999999999968,14.957928802588995
2021-02-19,2021-Q1,232.34999999999968,15.03883495145631
2021-02-22,2021-Q1,237.8999999999997,15.398058252427186
2021-02-23,2021-Q1,252.09999999999965,16.31715210355987
2021-02-24,2021-Q1,257.4499999999996,16.663430420711975
2021-02-25,2021-Q1,275.1499999999996,17.809061488673137
2021-02-26,2021-Q1,291.6499999999995,18.87702265372168
2021-03-01,2021-Q1,329.94999999999953,16.59708249496982
2021-03-02,2021-Q1,324.8999999999995,16.343058350100602
2021-03-03,2021-Q1,321.34999999999957,16.16448692152918
2021-03-04,2021-Q1,320.24999999999955,16.109154929577464
2021-03-05,2021-Q1,307.44999999999953,15.46529175050302
2021-03-08,2021-Q1,319.89999999999947,16.091549295774648
2021-03-09,2021-Q1,309.3499999999995,15.560865191146885
2021-03-10,2021-Q1,309.79999999999956,15.58350100603622
2021-03-11,2021-Q1,309.79999999999956,15.58350100603622
2021-03-12,2021-Q1,308.0499999999995,15.495472837022136
2021-03-15,2021-Q1,309.2499999999995,15.555835010060363
2021-03-16,2021-Q1,312.6999999999994,15.729376257545272
2021-03-17,2021-Q1,303.14999999999947,15.248993963782697
2021-03-18,2021-Q1,302.8499999999995,15.23390342052314
2021-03-19,2021-Q1,304.84999999999945,15.334507042253524
2021-03-22,2021-Q1,301.6999999999995,15.17605633802817
2021-03-23,2021-Q1,299.1499999999994,15.04778672032193
2021-03-24,2021-Q1,292.0999999999995,14.693158953722335
2021-03-25,2021-Q1,281.79999999999956,14.175050301810868
2021-03-26,2021-Q1,286.69999999999953,14.421529175050305
2021-03-29,2021-Q1,286.69999999999953,14.421529175050305
2021-03-30,2021-Q1,295.5499999999995,14.866700201207244
2021-03-31,2021-Q1,300.1999999999995,15.100603621730382
2021-04-01,2021-Q2,311.94999999999953,15.691649899396378
2021-04-02,2021-Q2,311.94999999999953,15.691649899396378
2021-04-05,2021-Q2,307.1499999999995,15.45020120724346
2021-04-06,2021-Q2,313.3999999999995,15.764587525150905
2021-04-07,2021-Q2,327.1499999999995,16.456237424547282
2021-04-08,2021-Q2,327.44999999999953,16.47132796780684
2021-04-09,2021-Q2,318.0999999999996,16.001006036217305
2021-04-12,2021-Q2,296.9499999999996,14.93712273641851
2021-04-13,2021-Q2,310.9999999999996,15.643863179074447
2021-04-14,2021-Q2,310.9999999999996,15.643863179074447
2021-04-15,2021-Q2,308.44999999999965,15.51559356136821
2021-04-16,2021-Q2,318.0499999999996,15.998490945674046
2021-04-19,2021-Q2,307.7999999999996,15.482897384305836
2021-04-20,2021-Q2,307.14999999999964,15.45020120724346
2021-04-21,2021-Q2,307.14999999999964,15.45020120724346
2021-04-22,2021-Q2,309.04999999999967,15.545774647887326
2021-04-23,2021-Q2,308.49999999999966,15.51810865191147
2021-04-26,2021-Q2,310.19999999999965,15.603621730382294
2021-04-27,2021-Q2,349.4999999999996,17.580482897384307
2021-04-28,2021-Q2,347.74999999999966,17.492454728370223
2021-04-29,2021-Q2,358.54999999999967,18.03571428571429
2021-04-30,2021-Q2,361.8499999999996,18.201710261569417
2021-05-03,2021-Q2,376.6999999999996,18.948692152917506
2021-05-04,2021-Q2,358.5999999999996,18.038229376257547
2021-05-05,2021-Q2,364.1999999999996,18.31991951710261
2021-05-06,2021-Q2,374.1499999999996,18.820422535211268
2021-05-07,2021-Q2,367.79999999999956,18.501006036217305
2021-05-10,2021-Q2,372.99999999999955,18.7625754527163
2021-05-11,2021-Q2,401.54999999999956,20.198692152917506
2021-05-12,2021-Q2,399.99999999999955,20.12072434607646
2021-05-13,2021-Q2,399.99999999999955,20.12072434607646
2021-05-14,2021-Q2,388.94999999999953,19.564889336016098
2021-05-17,2021-Q2,400.59999999999957,20.15090543259557
2021-05-18,2021-Q2,390.7499999999995,19.65543259557344
2021-05-19,2021-Q2,387.14999999999947,19.47434607645875
2021-05-20,2021-Q2,384.34999999999957,19.33350100603622
2021-05-21,2021-Q2,385.9499999999994,19.41398390342052
2021-05-24,2021-Q2,375.1999999999995,18.87323943661972
2021-05-25,2021-Q2,366.0999999999995,18.41549295774648
2021-05-26,2021-Q2,375.84999999999945,18.905935613682093
2021-05-27,2021-Q2,393.94999999999936,19.81639839034205
2021-05-28,2021-Q2,379.7499999999994,19.10211267605634
2021-05-31,2021-Q2,375.84999999999945,18.905935613682093
2021-06-01,2021-Q2,369.04999999999944,23.91769280622165
2021-06-02,2021-Q2,374.8499999999994,24.29358392741413
2021-06-03,2021-Q2,387.29999999999933,25.10045366169799
2021-06-04,2021-Q2,385.1499999999993,24.96111471160077
2021-06-07,2021-Q2,381.4999999999993,24.72456254050551
2021-06-08,2021-Q2,382.9999999999993,24.821775761503567
2021-06-09,2021-Q2,375.5499999999994,24.33895009721322
2021-06-10,2021-Q2,369.94999999999936,23.97602073882048
2021-06-11,2021-Q2,370.4999999999994,24.01166558651977
2021-06-14,2021-Q2,368.5999999999994,23.88852883992223
2021-06-15,2021-Q2,372.69999999999936,24.15424497731692
2021-06-16,2021-Q2,371.4499999999994,24.07323395981853
2021-06-17,2021-Q2,364.5499999999994,23.62605314322748
2021-06-18,2021-Q2,358.94999999999936,23.263123784834736
2021-06-21,2021-Q2,356.19999999999936,23.084899546338303
2021-06-22,2021-Q2,367.7499999999994,23.83344134802333
2021-06-23,2021-Q2,360.99999999999943,23.39598185353208
2021-06-24,2021-Q2,359.84999999999945,23.32145171743357
2021-06-25,2021-Q2,360.9499999999994,23.392741412832144
2021-06-28,2021-Q2,366.94999999999936,23.78159429682437
2021-06-29,2021-Q2,373.6499999999993,24.215813350615683
2021-06-30,2021-Q2,377.1999999999993,24.44588464031108
2021-07-01,2021-Q3,375.6499999999993,24.34543097861309
2021-07-02,2021-Q3,369.9499999999993,23.97602073882048
2021-07-05,2021-Q3,373.29999999999933,24.19313026571614
2021-07-06,2021-Q3,364.2499999999994,23.60661049902787
2021-07-07,2021-Q3,368.64999999999935,23.891769280622164
2021-07-08,2021-Q3,369.1999999999994,23.92741412832145
2021-07-09,2021-Q3,364.9499999999994,23.65197666882696
2021-07-12,2021-Q3,364.3999999999994,23.61633182112768
2021-07-13,2021-Q3,360.24999999999943,23.347375243033053
2021-07-14,2021-Q3,358.79999999999944,23.25340246273493
2021-07-15,2021-Q3,355.8999999999994,23.06545690213869
2021-07-16,2021-Q3,359.6999999999994,23.311730395333765
2021-07-19,2021-Q3,362.3999999999994,23.486714193130265
2021-07-20,2021-Q3,355.59999999999945,23.04601425793908
2021-07-21,2021-Q3,355.59999999999945,23.04601425793908
2021-07-22,2021-Q3,359.1499999999994,23.27608554763448
2021-07-23,2021-Q3,364.59999999999945,23.629293583927417
2021-07-26,2021-Q3,372.7999999999995,24.160725858716788
2021-07-27,2021-Q3,375.89999999999947,24.361633182112765
2021-07-28,2021-Q3,383.9499999999995,24.88334413480233
2021-07-29,2021-Q3,380.1999999999995,24.6403110823072
2021-07-30,2021-Q3,384.6999999999995,24.93195074530136
2021-08-02,2021-Q3,383.74999999999943,24.87038237200259
2021-08-03,2021-Q3,383.79999999999944,24.87362281270253
2021-08-04,2021-Q3,372.9499999999994,24.17044718081659
2021-08-05,2021-Q3,369.7999999999994,23.96629941672068
2021-08-06,2021-Q3,364.49999999999943,23.622812702527543
2021-08-09,2021-Q3,365.54999999999944,23.690861957226183
2021-08-10,2021-Q3,352.04999999999944,22.81594296824368
2021-08-11,2021-Q3,346.4499999999994,22.45301360985093
2021-08-12,2021-Q3,357.24999999999943,23.152948801036946
2021-08-13,2021-Q3,366.09999999999945,23.72650680492547
2021-08-16,2021-Q3,362.09999999999945,23.467271548930658
2021-08-17,2021-Q3,357.09999999999945,23.14322747893714
2021-08-18,2021-Q3,348.0999999999995,22.5599481529488
2021-08-19,2021-Q3,348.0999999999995,22.5599481529488
2021-08-20,2021-Q3,334.04999999999956,21.64938431626701
2021-08-23,2021-Q3,316.44999999999953,20.508749189889823
2021-08-24,2021-Q3,332.1499999999995,21.52624756966948
2021-08-25,2021-Q3,325.94999999999953,21.12443292287751
2021-08-26,2021-Q3,319.0999999999995,20.6804925469864
2021-08-27,2021-Q3,317.69999999999953,20.589760207388203
2021-08-30,2021-Q3,328.0999999999996,21.26377187297473
2021-08-31,2021-Q3,332.59999999999957,21.555411535968894
2021-09-01,2021-Q3,325.19999999999953,17.90748898678414
2021-09-02,2021-Q3,337.1999999999995,18.568281938325992
2021-09-03,2021-Q3,335.8999999999995,18.49669603524229
2021-09-06,2021-Q3,340.2999999999995,18.73898678414097
2021-09-07,2021-Q3,338.4499999999995,18.637114537444933
2021-09-08,2021-Q3,332.6499999999995,18.31773127753304
2021-09-09,2021-Q3,335.5999999999996,18.480176211453745
2021-09-10,2021-Q3,335.5999999999996,18.480176211453745
2021-09-13,2021-Q3,337.19999999999965,18.568281938325992
2021-09-14,2021-Q3,339.8499999999996,18.71420704845815
2021-09-15,2021-Q3,343.9999999999996,18.94273127753304
2021-09-16,2021-Q3,339.84999999999957,18.71420704845815
2021-09-17,2021-Q3,334.34999999999957,18.411343612334804
2021-09-20,2021-Q3,355.2499999999995,19.562224669603523
2021-09-21,2021-Q3,382.99999999999955,21.090308370044053
2021-09-22,2021-Q3,388.14999999999947,21.373898678414097
2021-09-23,2021-Q3,387.6999999999995,21.34911894273128
2021-09-24,2021-Q3,405.4499999999995,22.326541850220263
2021-09-27,2021-Q3,435.8999999999994,24.00330396475771
2021-09-28,2021-Q3,449.0999999999994,24.730176211453745
2021-09-29,2021-Q3,438.0999999999994,24.12444933920705
2021-09-30,2021-Q3,434.2499999999994,23.912444933920703
2021-10-01,2021-Q4,425.1999999999993,23.41409691629956
2021-10-04,2021-Q4,448.84999999999934,24.71640969162996
2021-10-05,2021-Q4,498.8999999999992,27.47246696035242
2021-10-06,2021-Q4,487.6999999999992,26.85572687224669
2021-10-07,2021-Q4,484.2499999999992,26.66574889867841
2021-10-08,2021-Q4,469.5999999999993,25.859030837004408
2021-10-11,2021-Q4,466.2999999999993,25.6773127753304
2021-10-12,2021-Q4,478.99999999999926,26.376651982378853
2021-10-13,2021-Q4,476.2499999999993,26.22522026431718
2021-10-14,2021-Q4,474.5999999999993,26.134361233480178
2021-10-15,2021-Q4,474.5999999999993,26.134361233480178
2021-10-18,2021-Q4,482.9999999999993,26.59691629955947
2021-10-19,2021-Q4,460.54999999999933,25.36068281938326
2021-10-20,2021-Q4,443.4999999999994,24.42180616740088
2021-10-21,2021-Q4,437.0999999999994,24.06938325991189
2021-10-22,2021-Q4,432.04999999999944,23.79129955947137
2021-10-25,2021-Q4,445.8499999999994,24.551211453744493
2021-10-26,2021-Q4,441.44999999999936,24.30892070484581
2021-10-27,2021-Q4,472.49999999999943,26.01872246696035
2021-10-28,2021-Q4,454.0999999999994,25.005506607929515
2021-10-29,2021-Q4,460.59999999999945,25.36343612334802
2021-11-01,2021-Q4,497.3499999999994,27.387114537444933
2021-11-02,2021-Q4,487.19999999999936,26.82819383259912
2021-11-03,2021-Q4,466.7499999999994,25.702092511013216
2021-11-04,2021-Q4,471.2499999999994,25.94988986784141
2021-11-05,2021-Q4,471.2499999999994,25.94988986784141
2021-11-08,2021-Q4,462.19999999999936,25.451541850220263
2021-11-09,2021-Q4,464.3499999999994,25.569933920704848
2021-11-10,2021-Q4,465.79999999999944,25.64977973568282
2021-11-11,2021-Q4,463.79999999999944,25.53964757709252
2021-11-12,2021-Q4,468.9499999999995,25.82323788546256
2021-11-15,2021-Q4,445.5499999999995,24.534691629955947
2021-11-16,2021-Q4,442.1999999999994,24.35022026431718
2021-11-17,2021-Q4,427.64999999999947,23.549008810572687
2021-11-18,2021-Q4,404.6499999999995,22.28248898678413
2021-11-19,2021-Q4,404.6499999999995,22.28248898678413
2021-11-22,2021-Q4,395.8499999999995,21.797907488986784
2021-11-23,2021-Q4,407.59999999999957,22.444933920704848
2021-11-24,2021-Q4,407.4999999999995,22.43942731277533
2021-11-25,2021-Q4,408.1999999999995,22.47797356828194
2021-11-26,2021-Q4,412.7999999999995,22.73127753303965
2021-11-29,2021-Q4,417.64999999999947,22.998348017621144
2021-11-30,2021-Q4,424.7499999999995,23.38931718061674
2021-12-01,2021-Q4,425.7499999999995,12.244751222318088
2021-12-02,2021-Q4,426.09999999999957,12.254817371297095
2021-12-03,2021-Q4,422.6499999999995,12.15559390278976
2021-12-06,2021-Q4,406.7499999999996,11.698303134886396
2021-12-07,2021-Q4,407.5999999999997,11.72274949669255
2021-12-08,2021-Q4,414.49999999999966,11.921196433707218
2021-12-09,2021-Q4,418.04999999999967,12.02329594477998
2021-12-10,2021-Q4,422.0999999999997,12.139775668679896
2021-12-13,2021-Q4,417.44999999999965,12.006039689387402
2021-12-14,2021-Q4,422.99999999999966,12.165660051768764
2021-12-15,2021-Q4,431.5499999999997,12.411561691113029
2021-12-16,2021-Q4,443.49999999999966,12.755248777681908
2021-12-17,2021-Q4,433.09999999999974,12.456140350877192
2021-12-20,2021-Q4,412.34999999999974,11.859361518550472
2021-12-21,2021-Q4,416.24999999999966,11.971527178602242
2021-12-22,2021-Q4,417.6999999999996,12.013229795800976
2021-12-23,2021-Q4,420.49999999999966,12.093758987633016
2021-12-24,2021-Q4,411.0999999999997,11.8234109864826
2021-12-27,2021-Q4,404.99999999999966,11.64797238999137
2021-12-28,2021-Q4,432.3499999999997,12.434570031636468
2021-12-29,2021-Q4,449.7499999999996,12.93500143802128
2021-12-30,2021-Q4,437.19999999999965,12.57405809605982
2021-12-31,2021-Q4,440.6499999999997,12.673281564567151
2022-01-03,2022-Q1,444.6499999999996,12.788323267184351
2022-01-04,2022-Q1,467.19999999999953,13.43687086568881
2022-01-05,2022-Q1,462.7499999999996,13.308886971527178
2022-01-06,2022-Q1,457.8999999999996,13.169398907103822
2022-01-07,2022-Q1,451.5499999999996,12.986770204199022
2022-01-10,2022-Q1,457.84999999999957,13.16796088582111
2022-01-11,2022-Q1,449.3999999999995,12.924935289042276
2022-01-12,2022-Q1,465.19999999999953,13.379350014380211
2022-01-13,2022-Q1,485.94999999999953,13.97612884670693
2022-01-14,2022-Q1,489.24999999999955,14.07103825136612
2022-01-17,2022-Q1,494.34999999999957,14.217716422203049
2022-01-18,2022-Q1,475.3999999999996,13.672706356054068
2022-01-19,2022-Q1,488.9499999999996,14.062410123669828
2022-01-20,2022-Q1,495.5999999999997,14.253666954270924
2022-01-21,2022-Q1,484.3499999999997,13.93011216566005
2022-01-24,2022-Q1,447.9999999999997,12.884670693126257
2022-01-25,2022-Q1,458.94999999999976,13.199597354040838
2022-01-26,2022-Q1,458.94999999999976,13.199597354040838
2022-01-27,2022-Q1,467.2999999999997,13.43974690825424
2022-01-28,2022-Q1,464.4499999999997,13.357779695139486
2022-01-31,2022-Q1,469.7499999999997,13.510209951107274
2022-02-01,2022-Q1,464.24999999999966,13.352027610008626
2022-02-02,2022-Q1,462.4999999999997,13.301696865113602
2022-02-03,2022-Q1,468.84999999999974,13.484325568018406
2022-02-04,2022-Q1,455.19999999999976,13.091745757837217
2022-02-07,2022-Q1,515.5499999999997,14.8274374460742
2022-02-08,2022-Q1,538.3499999999998,15.483175150992231
2022-02-09,2022-Q1,546.4999999999998,15.717572620074776
2022-02-10,2022-Q1,570.7499999999999,16.41501294219154
2022-02-11,2022-Q1,565.8999999999999,16.275524877768188
2022-02-14,2022-Q1,539.35,15.511935576646534
2022-02-15,2022-Q1,558.1,16.051193557664654
2022-02-16,2022-Q1,554.8,15.95628415300546
2022-02-17,2022-Q1,554.05,15.934713833764738
2022-02-18,2022-Q1,548.2,15.766465343687086
2022-02-21,2022-Q1,537.5499999999998,15.460166810468792
2022-02-22,2022-Q1,519.3499999999999,14.93672706356054
2022-02-23,2022-Q1,540.6499999999999,15.549324129997125
2022-02-24,2022-Q1,507.9999999999999,14.610296232384238
2022-02-25,2022-Q1,546.3999999999999,15.714696577509343
2022-02-28,2022-Q1,552.9999999999998,15.904515386827724
2022-03-01,2022-Q1,552.9999999999998,13.360715148586616
2022-03-02,2022-Q1,582.6499999999997,14.077071756462914
2022-03-03,2022-Q1,584.8999999999997,14.131432713215752
2022-03-04,2022-Q1,598.7999999999996,14.467262623822178
2022-03-07,2022-Q1,608.1999999999998,14.694370620922928
2022-03-08,2022-Q1,608.9499999999998,14.712490939840542
2022-03-09,2022-Q1,618.9499999999998,14.954095192075382
2022-03-10,2022-Q1,630.4999999999998,15.23314810340662
2022-03-11,2022-Q1,708.8499999999998,17.126117419666585
2022-03-14,2022-Q1,730.2499999999998,17.643150519449144
2022-03-15,2022-Q1,697.2999999999997,16.847064508335347
2022-03-16,2022-Q1,707.7499999999999,17.099540951920755
2022-03-17,2022-Q1,759.2999999999998,18.34501087219135
2022-03-18,2022-Q1,759.2999999999998,18.34501087219135
2022-03-21,2022-Q1,762.45,18.421116211645327
2022-03-22,2022-Q1,799.4499999999999,19.31505194491423
2022-03-23,2022-Q1,776.8999999999999,18.770234356124668
2022-03-24,2022-Q1,798.8499999999999,19.30055568978014
2022-03-25,2022-Q1,767.95,18.553998550374487
2022-03-28,2022-Q1,819.6500000000001,19.803092534428604
2022-03-29,2022-Q1,837.7,20.23918820971249
2022-03-30,2022-Q1,818.6,19.777724087943948
2022-03-31,2022-Q1,844.45,20.40227107997101
2022-04-01,2022-Q2,862.7500000000001,20.844406861560763
2022-04-04,2022-Q2,880.8000000000002,21.280502536844647
2022-04-05,2022-Q2,902.8500000000001,21.813239913022468
2022-04-06,2022-Q2,897.6500000000002,21.68760570186036
2022-04-07,2022-Q2,868.2500000000001,20.977289200289924
2022-04-08,2022-Q2,883.0500000000001,21.334863493597485
2022-04-11,2022-Q2,848.2,20.49287267455908
2022-04-12,2022-Q2,857.3,20.712732544092773
2022-04-13,2022-Q2,865.2,20.90359990335829
2022-04-14,2022-Q2,865.2,20.90359990335829
2022-04-15,2022-Q2,865.2,20.90359990335829
2022-04-18,2022-Q2,887.8,21.449625513409035
2022-04-19,2022-Q2,851.4,20.57018603527422
2022-04-20,2022-Q2,866.8999999999999,20.94467262623822
2022-04-21,2022-Q2,878.1,21.21526938874124
2022-04-22,2022-Q2,848.4499999999999,20.498912780864945
2022-04-25,2022-Q2,816.35,19.72336313119111
2022-04-26,2022-Q2,856.7,20.69823628895869
2022-04-27,2022-Q2,848.25,20.494080695820244
2022-04-28,2022-Q2,842.0,20.34307803817347
2022-04-29,2022-Q2,827.55,19.99395989369413
2022-05-02,2022-Q2,833.0,20.125634211162115
2022-05-03,2022-Q2,833.0,20.125634211162115
2022-05-04,2022-Q2,826.25,19.9625513409036
2022-05-05,2022-Q2,832.45,20.1123459772892
2022-05-06,2022-Q2,799.4,19.313843923653057
2022-05-09,2022-Q2,758.0999999999999,18.31601836192317
2022-05-10,2022-Q2,816.95,19.7378593863252
2022-05-11,2022-Q2,703.7,17.001691229765644
2022-05-12,2022-Q2,682.2500000000001,16.483450108721915
2022-05-13,2022-Q2,618.7500000000001,14.949263107030683
2022-05-16,2022-Q2,623.8000000000001,15.071273254409276
2022-05-17,2022-Q2,639.2000000000003,15.443343802850931
2022-05-18,2022-Q2,638.9000000000001,15.436095675283884
2022-05-19,2022-Q2,608.3500000000001,14.697994684706453
2022-05-20,2022-Q2,635.9,15.363614399613432
2022-05-23,2022-Q2,661.85,15.99057743416284
2022-05-24,2022-Q2,644.2,15.564145928968353
2022-05-25,2022-Q2,592.95,14.3259241362648
2022-05-26,2022-Q2,598.75,14.466054602561004
2022-05-27,2022-Q2,626.2999999999998,15.131674317467986
2022-05-30,2022-Q2,654.85,15.821454457598454
2022-05-31,2022-Q2,665.75,16.08480309253443
2022-06-01,2022-Q2,679.3000000000001,18.555039606664845
2022-06-02,2022-Q2,670.0500000000001,18.30237639989074
2022-06-03,2022-Q2,661.3500000000001,18.06473641081672
2022-06-06,2022-Q2,668.4500000000002,18.25867249385414
2022-06-07,2022-Q2,662.5500000000001,18.09751434034417
2022-06-08,2022-Q2,625.5500000000002,17.086861513247747
2022-06-09,2022-Q2,634.3000000000001,17.325867249385414
2022-06-10,2022-Q2,622.1500000000001,16.993990712919967
2022-06-13,2022-Q2,598.4500000000002,16.346626604752803
2022-06-14,2022-Q2,598.0500000000002,16.335700628243647
2022-06-15,2022-Q2,606.9500000000003,16.57880360557225
2022-06-16,2022-Q2,600.5000000000002,16.402622234362198
2022-06-17,2022-Q2,607.4500000000003,16.59246107620869
2022-06-20,2022-Q2,542.8000000000002,14.826550122917237
2022-06-21,2022-Q2,587.3500000000003,16.043430756623874
2022-06-22,2022-Q2,572.2500000000002,15.63097514340344
2022-06-23,2022-Q2,575.6000000000001,15.722480196667576
2022-06-24,2022-Q2,581.9500000000002,15.895930073750344
2022-06-27,2022-Q2,608.2500000000001,16.614313029226988
2022-06-28,2022-Q2,601.2000000000002,16.42174269325321
2022-06-29,2022-Q2,585.4000000000001,15.990166621141764
2022-06-30,2022-Q2,571.8,15.618683419830646
2022-07-01,2022-Q3,581.05,15.871346626604751
2022-07-04,2022-Q3,597.9499999999999,16.332969134116365
2022-07-05,2022-Q3,597.4499999999999,16.319311663479926
2022-07-06,2022-Q3,603.2499999999999,16.477738322862606
2022-07-07,2022-Q3,610.2499999999999,16.66894291177274
2022-07-08,2022-Q3,619.9,16.932532095055997
2022-07-11,2022-Q3,630.3,17.216607484293906
2022-07-12,2022-Q3,619.1,16.910680142037695
2022-07-13,2022-Q3,616.1000000000001,16.828735318219067
2022-07-14,2022-Q3,612.3500000000001,16.72630428844578
2022-07-15,2022-Q3,629.1000000000003,17.183829554766458
2022-07-18,2022-Q3,638.6500000000002,17.444687243922424
2022-07-19,2022-Q3,654.6000000000003,17.880360557224805
2022-07-20,2022-Q3,656.4000000000002,17.92952745151598
2022-07-21,2022-Q3,668.4000000000003,18.25730674679049
2022-07-22,2022-Q3,669.8000000000003,18.29554766457252
2022-07-25,2022-Q3,672.0500000000003,18.35700628243649
2022-07-26,2022-Q3,659.9500000000004,18.02649549303469
2022-07-27,2022-Q3,691.6000000000004,18.891013384321223
2022-07-28,2022-Q3,715.9000000000003,19.55476645725212
2022-07-29,2022-Q3,721.8000000000003,19.715924610762087
2022-08-01,2022-Q3,752.6000000000004,20.55722480196668
2022-08-02,2022-Q3,748.1500000000002,20.435673313302377
2022-08-03,2022-Q3,753.9500000000003,20.59409997268506
2022-08-04,2022-Q3,769.5000000000001,21.01884730947829
2022-08-05,2022-Q3,771.0500000000001,21.06118546845124
2022-08-08,2022-Q3,772.5,21.10079213329692
2022-08-09,2022-Q3,772.5,21.10079213329692
2022-08-10,2022-Q3,764.1,20.871346626604755
2022-08-11,2022-Q3,745.0000000000001,20.349631248292816
2022-08-12,2022-Q3,751.0000000000001,20.513520895930075
2022-08-15,2022-Q3,751.0000000000001,20.513520895930075
2022-08-16,2022-Q3,761.2500000000002,20.793499043977057
2022-08-17,2022-Q3,786.1000000000003,21.47227533460803
2022-08-18,2022-Q3,785.5500000000002,21.45725211690795
2022-08-19,2022-Q3,762.3500000000003,20.82354547937722
2022-08-22,2022-Q3,721.8000000000002,19.715924610762087
2022-08-23,2022-Q3,727.4500000000002,19.87025402895384
2022-08-24,2022-Q3,735.6000000000001,20.09287080032778
2022-08-25,2022-Q3,723.8500000000001,19.77192024037148
2022-08-26,2022-Q3,746.4000000000001,20.387872166074843
2022-08-29,2022-Q3,727.4500000000003,19.87025402895384
2022-08-30,2022-Q3,750.4500000000003,20.49849767822999
2022-08-31,2022-Q3,750.4500000000003,20.49849767822999
2022-09-01,2022-Q3,742.3500000000001,48.55134074558536
2022-09-02,2022-Q3,740.2500000000002,48.413996075866585
2022-09-05,2022-Q3,742.8500000000001,48.58404185742316
2022-09-06,2022-Q3,737.2500000000001,48.21778940483977
2022-09-07,2022-Q3,738.4000000000002,48.29300196206671
2022-09-08,2022-Q3,755.9500000000003,49.44081098757359
2022-09-09,2022-Q3,751.1000000000003,49.123610202746896
2022-09-12,2022-Q3,780.3500000000003,51.03662524525834
2022-09-13,2022-Q3,777.7500000000002,50.86657946370177
2022-09-14,2022-Q3,777.9500000000003,50.87965990843689
2022-09-15,2022-Q3,771.5500000000002,50.461085676913015
2022-09-16,2022-Q3,725.3000000000001,47.436232831916286
2022-09-19,2022-Q3,688.0500000000001,45.0
2022-09-20,2022-Q3,696.85,45.57553956834533
2022-09-21,2022-Q3,683.05,44.672988881621976
2022-09-22,2022-Q3,694.9,45.4480052321779
2022-09-23,2022-Q3,667.35,43.64617396991498
2022-09-26,2022-Q3,626.8,40.9941137998692
2022-09-27,2022-Q3,631.2,41.28188358404186
2022-09-28,2022-Q3,616.35,40.31066056245913
2022-09-29,2022-Q3,624.3999999999999,40.83714846304775
2022-09-30,2022-Q3,641.6499999999997,41.96533682145193
2022-10-03,2022-Q4,635.5999999999999,41.56965336821453
2022-10-04,2022-Q4,648.4,42.40680183126226
2022-10-05,2022-Q4,648.4,42.40680183126226
2022-10-06,2022-Q4,670.65,43.86200130804448
2022-10-07,2022-Q4,668.0000000000001,43.68868541530412
2022-10-10,2022-Q4,666.7000000000003,43.60366252452584
2022-10-11,2022-Q4,651.8000000000002,42.62916939175932
2022-10-12,2022-Q4,654.5500000000001,42.80902550686724
2022-10-13,2022-Q4,662.9500000000002,43.35840418574232
2022-10-14,2022-Q4,698.0500000000001,45.65402223675605
2022-10-17,2022-Q4,710.5000000000001,46.468279921517336
2022-10-18,2022-Q4,709.3000000000001,46.38979725310661
2022-10-19,2022-Q4,722.1500000000001,47.23021582733813
2022-10-20,2022-Q4,727.6000000000003,47.58665794637018
2022-10-21,2022-Q4,727.4000000000002,47.57357750163506
2022-10-24,2022-Q4,727.3500000000004,47.57030739045128
2022-10-25,2022-Q4,720.1500000000003,47.09941137998692
2022-10-26,2022-Q4,720.1500000000003,47.09941137998692
2022-10-27,2022-Q4,718.9500000000004,47.0209287115762
2022-10-28,2022-Q4,700.8500000000003,45.83714846304775
2022-10-31,2022-Q4,709.1500000000002,46.37998691955527
2022-11-01,2022-Q4,706.5500000000002,46.20994113799869
2022-11-02,2022-Q4,697.3500000000003,45.60824068018313
2022-11-03,2022-Q4,704.0500000000002,46.04643557880968
2022-11-04,2022-Q4,706.5500000000002,46.20994113799869
2022-11-07,2022-Q4,711.9500000000004,46.56311314584696
2022-11-08,2022-Q4,711.9500000000004,46.56311314584696
2022-11-09,2022-Q4,711.9000000000004,46.55984303466318
2022-11-10,2022-Q4,673.4500000000005,44.045127534336174
2022-11-11,2022-Q4,602.4000000000003,39.39829954218443
2022-11-14,2022-Q4,592.5500000000003,38.754087638979726
2022-11-15,2022-Q4,578.5500000000003,37.83845650752126
2022-11-16,2022-Q4,574.3500000000005,37.56376716808372
2022-11-17,2022-Q4,568.6500000000004,37.19097449313277
2022-11-18,2022-Q4,557.4500000000005,36.45846958796599
2022-11-21,2022-Q4,576.1000000000005,37.67822105951603
2022-11-22,2022-Q4,591.9500000000005,38.71484630477437
2022-11-23,2022-Q4,623.6500000000005,40.78809679529104
2022-11-24,2022-Q4,603.6500000000005,39.48005232177894
2022-11-25,2022-Q4,607.2000000000006,39.71223021582734
2022-11-28,2022-Q4,606.7500000000006,39.68279921517332
2022-11-29,2022-Q4,597.9000000000005,39.10398953564421
2022-11-30,2022-Q4,601.2500000000007,39.32308698495749
2022-12-01,2022-Q4,594.1000000000007,28.425837320574164
2022-12-02,2022-Q4,595.9000000000007,28.51196172248804
2022-12-05,2022-Q4,599.1500000000007,28.667464114832537
2022-12-06,2022-Q4,596.6000000000007,28.545454545454547
2022-12-07,2022-Q4,590.6500000000007,28.260765550239235
2022-12-08,2022-Q4,597.4000000000007,28.58373205741627
2022-12-09,2022-Q4,583.5500000000006,27.92105263157895
2022-12-12,2022-Q4,590.1500000000007,28.23684210526316
2022-12-13,2022-Q4,597.3500000000008,28.581339712918663
2022-12-14,2022-Q4,599.2500000000007,28.67224880382776
2022-12-15,2022-Q4,599.3000000000008,28.67464114832536
2022-12-16,2022-Q4,583.6500000000007,27.925837320574164
2022-12-19,2022-Q4,577.0000000000007,27.607655502392348
2022-12-20,2022-Q4,569.7000000000007,27.25837320574163
2022-12-21,2022-Q4,552.7000000000007,26.44497607655503
2022-12-22,2022-Q4,552.4000000000008,26.43062200956938
2022-12-23,2022-Q4,521.5500000000006,24.954545454545453
2022-12-26,2022-Q4,529.7000000000007,25.344497607655505
2022-12-27,2022-Q4,530.0500000000008,25.36124401913876
2022-12-28,2022-Q4,558.0000000000008,26.69856459330144
2022-12-29,2022-Q4,550.450000000001,26.33732057416268
2022-12-30,2022-Q4,557.0000000000008,26.650717703349283
2023-01-02,2023-Q1,562.7500000000008,26.925837320574164
2023-01-03,2023-Q1,567.3000000000008,27.14354066985646
2023-01-04,2023-Q1,580.5000000000008,27.77511961722488
2023-01-05,2023-Q1,572.1000000000008,27.3732057416268
2023-01-06,2023-Q1,587.6000000000008,28.11483253588517
2023-01-09,2023-Q1,579.7500000000008,27.73923444976077
2023-01-10,2023-Q1,575.9500000000008,27.55741626794259
2023-01-11,2023-Q1,581.2500000000008,27.811004784689
2023-01-12,2023-Q1,577.6500000000007,27.638755980861244
2023-01-13,2023-Q1,573.8500000000007,27.456937799043065
2023-01-16,2023-Q1,567.2000000000007,27.138755980861248
2023-01-17,2023-Q1,573.1500000000008,27.42344497607656
2023-01-18,2023-Q1,566.8500000000008,27.122009569378
2023-01-19,2023-Q1,561.9500000000008,26.887559808612444
2023-01-20,2023-Q1,563.5000000000008,26.96172248803828
2023-01-23,2023-Q1,579.2000000000008,27.712918660287084
2023-01-24,2023-Q1,574.3500000000008,27.48086124401914
2023-01-25,2023-Q1,550.6500000000008,26.34688995215311
2023-01-26,2023-Q1,550.6500000000008,26.34688995215311
2023-01-27,2023-Q1,527.6000000000008,25.244019138755984
2023-01-30,2023-Q1,527.6500000000008,25.24641148325359
2023-01-31,2023-Q1,550.4000000000008,26.33492822966508
2023-02-01,2023-Q1,536.0000000000008,25.645933014354068
2023-02-02,2023-Q1,524.0500000000008,25.07416267942584
2023-02-03,2023-Q1,518.3000000000008,24.799043062200955
2023-02-06,2023-Q1,531.3500000000008,25.42344497607656
2023-02-07,2023-Q1,520.1500000000008,24.88755980861244
2023-02-08,2023-Q1,539.4000000000008,25.80861244019139
2023-02-09,2023-Q1,531.7500000000008,25.44258373205741
2023-02-10,2023-Q1,536.2000000000008,25.655502392344506
2023-02-13,2023-Q1,528.5000000000007,25.28708133971292
2023-02-14,2023-Q1,529.4500000000007,25.332535885167463
2023-02-15,2023-Q1,535.8500000000007,25.638755980861248
2023-02-16,2023-Q1,550.1500000000008,26.32296650717704
2023-02-17,2023-Q1,542.2500000000008,25.944976076555022
2023-02-20,2023-Q1,554.0000000000008,26.507177033492823
2023-02-21,2023-Q1,548.2500000000007,26.232057416267946
2023-02-22,2023-Q1,533.9000000000007,25.545454545454547
2023-02-23,2023-Q1,524.5000000000007,25.09569377990431
2023-02-24,2023-Q1,551.7000000000007,26.397129186602875
2023-02-27,2023-Q1,530.5500000000006,25.38516746411484
2023-02-28,2023-Q1,525.7000000000007,25.15311004784689
2023-03-01,2023-Q1,541.5500000000006,25.12993039443155
2023-03-02,2023-Q1,542.5000000000007,25.174013921113687
2023-03-03,2023-Q1,546.6000000000008,25.364269141531324
2023-03-06,2023-Q1,557.9000000000008,25.88863109048724
2023-03-07,2023-Q1,557.9000000000008,25.88863109048724
2023-03-08,2023-Q1,570.7000000000008,26.48259860788864
2023-03-09,2023-Q1,558.4000000000008,25.91183294663573
2023-03-10,2023-Q1,545.0000000000008,25.290023201856147
2023-03-13,2023-Q1,530.9500000000008,24.63805104408353
2023-03-14,2023-Q1,533.4000000000007,24.751740139211137
2023-03-15,2023-Q1,528.4500000000007,24.52204176334107
2023-03-16,2023-Q1,523.3500000000007,24.28538283062645
2023-03-17,2023-Q1,527.1000000000007,24.45939675174014
2023-03-20,2023-Q1,523.5500000000006,24.294663573085845
2023-03-21,2023-Q1,534.9500000000007,24.823665893271464
2023-03-22,2023-Q1,535.7500000000006,24.860788863109047
2023-03-23,2023-Q1,525.6500000000005,24.39211136890951
2023-03-24,2023-Q1,514.7000000000006,23.883990719257543
2023-03-27,2023-Q1,499.4000000000005,23.174013921113687
2023-03-28,2023-Q1,490.5000000000005,22.76102088167053
2023-03-29,2023-Q1,493.1500000000005,22.88399071925754
2023-03-30,2023-Q1,493.1500000000005,22.88399071925754
2023-03-31,2023-Q1,509.3500000000006,23.63573085846868
2023-04-03,2023-Q2,527.1000000000006,24.45939675174014
2023-04-04,2023-Q2,527.1000000000006,24.45939675174014
2023-04-05,2023-Q2,528.8000000000005,24.538283062645007
2023-04-06,2023-Q2,529.7000000000006,24.5800464037123
2023-04-07,2023-Q2,529.7000000000006,24.5800464037123
2023-04-10,2023-Q2,534.6000000000005,24.80742459396752
2023-04-11,2023-Q2,532.7000000000006,24.719257540603248
2023-04-12,2023-Q2,546.3500000000006,25.35266821345708
2023-04-13,2023-Q2,545.9000000000004,25.33178654292343
2023-04-14,2023-Q2,545.9000000000004,25.33178654292343
2023-04-17,2023-Q2,544.8000000000004,25.28074245939675
2023-04-18,2023-Q2,542.6500000000005,25.18097447795824
2023-04-19,2023-Q2,534.1500000000005,24.78654292343388
2023-04-20,2023-Q2,531.7000000000006,24.672853828306263
2023-04-21,2023-Q2,525.5000000000006,24.385150812064964
2023-04-24,2023-Q2,526.4500000000006,24.4292343387471
2023-04-25,2023-Q2,531.0000000000006,24.64037122969837
2023-04-26,2023-Q2,587.0000000000006,27.238979118329464
2023-04-27,2023-Q2,578.4000000000005,26.839907192575403
2023-04-28,2023-Q2,588.5000000000006,27.308584686774942
2023-05-01,2023-Q2,588.5000000000006,27.308584686774942
2023-05-02,2023-Q2,597.1500000000005,27.70997679814385
2023-05-03,2023-Q2,600.8500000000006,27.88167053364269
2023-05-04,2023-Q2,593.7000000000006,27.54988399071926
2023-05-05,2023-Q2,597.4500000000006,27.72389791183295
2023-05-08,2023-Q2,599.2000000000006,27.80510440835267
2023-05-09,2023-Q2,592.2500000000006,27.48259860788863
2023-05-10,2023-Q2,598.7500000000006,27.784222737819025
2023-05-11,2023-Q2,623.4000000000005,28.92807424593968
2023-05-12,2023-Q2,620.7000000000006,28.80278422273782
2023-05-15,2023-Q2,635.6500000000007,29.496519721577723
2023-05-16,2023-Q2,648.1000000000007,30.074245939675173
2023-05-17,2023-Q2,654.7500000000008,30.382830626450115
2023-05-18,2023-Q2,602.3500000000008,27.951276102088165
2023-05-19,2023-Q2,590.6000000000007,27.406032482598608
2023-05-22,2023-Q2,600.1500000000008,27.8491879350348
2023-05-23,2023-Q2,596.8500000000008,27.696055684454755
2023-05-24,2023-Q2,596.6000000000008,27.68445475638051
2023-05-25,2023-Q2,603.7000000000008,28.013921113689097
2023-05-26,2023-Q2,593.6500000000008,27.547563805104406
2023-05-29,2023-Q2,598.0000000000007,27.749419953596288
2023-05-30,2023-Q2,595.5000000000007,27.633410672853827
2023-05-31,2023-Q2,588.4500000000007,27.306264501160094
2023-06-01,2023-Q2,583.1000000000007,106.40510948905109
2023-06-02,2023-Q2,585.3500000000007,106.81569343065694
2023-06-05,2023-Q2,582.9500000000007,106.37773722627738
2023-06-06,2023-Q2,584.6000000000006,106.67883211678831
2023-06-07,2023-Q2,585.7500000000006,106.88868613138683
2023-06-08,2023-Q2,577.7000000000007,105.41970802919708
2023-06-09,2023-Q2,565.6000000000006,103.2116788321168
2023-06-12,2023-Q2,579.0000000000006,105.65693430656934
2023-06-13,2023-Q2,579.7500000000006,105.79379562043796
2023-06-14,2023-Q2,594.0500000000004,108.40328467153284
2023-06-15,2023-Q2,585.9000000000005,106.91605839416056
2023-06-16,2023-Q2,589.7000000000006,107.6094890510949
2023-06-19,2023-Q2,588.4500000000006,107.38138686131389
2023-06-20,2023-Q2,588.4500000000006,107.38138686131389
2023-06-21,2023-Q2,600.0000000000007,109.4890510948905
2023-06-22,2023-Q2,587.6500000000005,107.235401459854
2023-06-23,2023-Q2,574.7500000000007,104.88138686131386
2023-06-26,2023-Q2,578.6000000000007,105.5839416058394
2023-06-27,2023-Q2,585.1000000000007,106.77007299270072
2023-06-28,2023-Q2,587.1000000000008,107.13503649635037
2023-06-29,2023-Q2,587.1000000000008,107.13503649635037
2023-06-30,2023-Q2,599.1500000000008,109.3339416058394
2023-07-03,2023-Q3,601.3000000000006,109.72627737226276
2023-07-04,2023-Q3,593.8000000000006,108.35766423357664
2023-07-05,2023-Q3,601.4500000000007,109.7536496350365
2023-07-06,2023-Q3,608.5500000000006,111.04927007299268
2023-07-07,2023-Q3,597.9000000000007,109.1058394160584
2023-07-10,2023-Q3,595.3500000000007,108.6405109489051
2023-07-11,2023-Q3,599.0000000000007,109.30656934306568
2023-07-12,2023-Q3,604.2000000000007,110.25547445255476
2023-07-13,2023-Q3,586.4000000000007,107.00729927007298
2023-07-14,2023-Q3,593.8000000000006,108.35766423357664
2023-07-17,2023-Q3,603.3500000000007,110.10036496350364
2023-07-18,2023-Q3,598.1500000000007,109.1514598540146
2023-07-19,2023-Q3,597.0000000000007,108.94160583941606
2023-07-20,2023-Q3,599.2500000000007,109.35218978102188
2023-07-21,2023-Q3,592.8500000000007,108.18430656934306
2023-07-24,2023-Q3,590.4500000000008,107.7463503649635
2023-07-25,2023-Q3,588.1000000000008,107.31751824817518
2023-07-26,2023-Q3,598.8000000000008,109.27007299270072
2023-07-27,2023-Q3,584.5500000000008,106.66970802919708
2023-07-28,2023-Q3,586.3500000000007,106.99817518248176
2023-07-31,2023-Q3,592.9000000000007,108.1934306569343
2023-08-01,2023-Q3,608.2000000000007,110.98540145985402
2023-08-02,2023-Q3,586.1500000000007,106.96167883211676
2023-08-03,2023-Q3,583.0000000000007,106.3868613138686
2023-08-04,2023-Q3,585.7500000000008,106.88868613138683
2023-08-07,2023-Q3,559.7000000000008,102.13503649635037
2023-08-08,2023-Q3,547.8500000000008,99.97262773722628
2023-08-09,2023-Q3,554.4000000000007,101.16788321167884
2023-08-10,2023-Q3,548.2500000000007,100.0456204379562
2023-08-11,2023-Q3,544.3000000000008,99.32481751824815
2023-08-14,2023-Q3,535.2000000000008,97.66423357664232
2023-08-15,2023-Q3,535.2000000000008,97.66423357664232
2023-08-16,2023-Q3,541.2500000000008,98.76824817518248
2023-08-17,2023-Q3,542.3500000000008,98.96897810218978
2023-08-18,2023-Q3,541.3500000000009,98.78649635036496
2023-08-21,2023-Q3,543.9500000000008,99.26094890510949
2023-08-22,2023-Q3,550.200000000001,100.4014598540146
2023-08-23,2023-Q3,557.5000000000008,101.73357664233576
2023-08-24,2023-Q3,565.0000000000008,103.10218978102188
2023-08-25,2023-Q3,568.2000000000008,103.68613138686132
2023-08-28,2023-Q3,589.950000000001,107.6551094890511
2023-08-29,2023-Q3,603.1500000000009,110.06386861313868
2023-08-30,2023-Q3,604.7500000000009,110.3558394160584
2023-08-31,2023-Q3,609.5000000000009,111.22262773722628
2023-09-01,2023-Q3,623.4000000000008,54.303135888501735
2023-09-04,2023-Q3,635.8500000000008,55.3876306620209
2023-09-05,2023-Q3,641.0000000000008,55.83623693379791
2023-09-06,2023-Q3,634.3000000000008,55.252613240418114
2023-09-07,2023-Q3,647.8500000000008,56.43292682926829
2023-09-08,2023-Q3,643.0500000000008,56.01480836236933
2023-09-11,2023-Q3,647.1000000000008,56.36759581881533
2023-09-12,2023-Q3,625.9000000000008,54.52090592334494
2023-09-13,2023-Q3,653.200000000001,56.89895470383276
2023-09-14,2023-Q3,651.8000000000009,56.77700348432055
2023-09-15,2023-Q3,650.8500000000009,56.694250871080136
2023-09-18,2023-Q3,617.9500000000008,53.82839721254356
2023-09-19,2023-Q3,617.9500000000008,53.82839721254356
2023-09-20,2023-Q3,607.2500000000008,52.89634146341463
2023-09-21,2023-Q3,601.5500000000006,52.39982578397212
2023-09-22,2023-Q3,596.6000000000008,51.96864111498258
2023-09-25,2023-Q3,603.2500000000007,52.5479094076655
2023-09-26,2023-Q3,605.0000000000008,52.70034843205575
2023-09-27,2023-Q3,607.4000000000008,52.90940766550522
2023-09-28,2023-Q3,599.1000000000007,52.18641114982579
2023-09-29,2023-Q3,612.1000000000007,53.318815331010455
2023-10-02,2023-Q4,612.1000000000007,53.318815331010455
2023-10-03,2023-Q4,611.5500000000006,53.27090592334494
2023-10-04,2023-Q4,616.7000000000006,53.71951219512195
2023-10-05,2023-Q4,612.6000000000006,53.362369337979096
2023-10-06,2023-Q4,616.7000000000006,53.71951219512195
2023-10-09,2023-Q4,611.1500000000005,53.23606271777003
2023-10-10,2023-Q4,622.4000000000005,54.21602787456445
2023-10-11,2023-Q4,624.4500000000007,54.39459930313589
2023-10-12,2023-Q4,629.3000000000005,54.8170731707317
2023-10-13,2023-Q4,634.9000000000005,55.30487804878048
2023-10-16,2023-Q4,669.0000000000006,58.27526132404181
2023-10-17,2023-Q4,652.6000000000005,56.846689895470384
2023-10-18,2023-Q4,668.1500000000004,58.20121951219512
2023-10-19,2023-Q4,665.2500000000003,57.948606271777
2023-10-20,2023-Q4,657.1000000000004,57.23867595818815
2023-10-23,2023-Q4,652.8000000000003,56.86411149825784
2023-10-24,2023-Q4,652.8000000000003,56.86411149825784
2023-10-25,2023-Q4,648.4500000000004,56.48519163763066
2023-10-26,2023-Q4,646.7000000000005,56.33275261324042
2023-10-27,2023-Q4,665.3500000000006,57.957317073170735
2023-10-30,2023-Q4,684.2500000000006,59.60365853658536
2023-10-31,2023-Q4,691.4500000000006,60.2308362369338
2023-11-01,2023-Q4,692.2000000000007,60.29616724738676
2023-11-02,2023-Q4,697.7500000000008,60.77961672473867
2023-11-03,2023-Q4,694.5500000000008,60.50087108013937
2023-11-06,2023-Q4,701.950000000001,61.14547038327526
2023-11-07,2023-Q4,683.4000000000009,59.52961672473867
2023-11-08,2023-Q4,692.4000000000008,60.31358885017421
2023-11-09,2023-Q4,676.0000000000008,58.88501742160278
2023-11-10,2023-Q4,675.5500000000008,58.84581881533101
2023-11-12,2023-Q4,674.5500000000008,58.758710801393725
2023-11-13,2023-Q4,679.8500000000008,59.22038327526133
2023-11-14,2023-Q4,679.8500000000008,59.22038327526133
2023-11-15,2023-Q4,707.1500000000007,61.59843205574912
2023-11-16,2023-Q4,708.0500000000008,61.67682926829268
2023-11-17,2023-Q4,707.0500000000008,61.5897212543554
2023-11-20,2023-Q4,707.8000000000008,61.655052264808354
2023-11-21,2023-Q4,707.4500000000008,61.62456445993031
2023-11-22,2023-Q4,691.4500000000008,60.2308362369338
2023-11-23,2023-Q4,706.0500000000008,61.502613240418114
2023-11-24,2023-Q4,693.1500000000007,60.37891986062717
2023-11-27,2023-Q4,693.1500000000007,60.37891986062717
2023-11-28,2023-Q4,686.2000000000007,59.77351916376307
2023-11-29,2023-Q4,687.9500000000008,59.92595818815331
2023-11-30,2023-Q4,686.8500000000008,59.8301393728223
2023-12-01,2023-Q4,703.0000000000007,113.93841166936792
2023-12-04,2023-Q4,711.5500000000006,115.32414910858996
2023-12-05,2023-Q4,712.5500000000006,115.48622366288492
2023-12-06,2023-Q4,737.4500000000008,119.52188006482984
2023-12-07,2023-Q4,733.8000000000006,118.93030794165315
2023-12-08,2023-Q4,718.5500000000005,116.45867098865476
2023-12-11,2023-Q4,724.1500000000007,117.36628849270664
2023-12-12,2023-Q4,723.1000000000006,117.19611021069692
2023-12-13,2023-Q4,730.1500000000005,118.3387358184765
2023-12-14,2023-Q4,731.2500000000005,118.51701782820098
2023-12-15,2023-Q4,747.4000000000003,121.13452188006482
2023-12-18,2023-Q4,740.9000000000003,120.08103727714747
2023-12-19,2023-Q4,738.7000000000004,119.72447325769856
2023-12-20,2023-Q4,709.6000000000004,115.00810372771475
2023-12-21,2023-Q4,728.1500000000003,118.01458670988654
2023-12-22,2023-Q4,731.2000000000003,118.50891410048624
2023-12-25,2023-Q4,731.2000000000003,118.50891410048624
2023-12-26,2023-Q4,750.7000000000004,121.66936790923826
2023-12-27,2023-Q4,742.1000000000004,120.27552674230148
2023-12-28,2023-Q4,748.7500000000002,121.35332252836304
2023-12-29,2023-Q4,752.7500000000002,122.00162074554297
2024-01-01,2024-Q1,793.9500000000002,128.67909238249595
2024-01-02,2024-Q1,792.9500000000002,128.51701782820098
2024-01-03,2024-Q1,795.6000000000003,128.94651539708266
2024-01-04,2024-Q1,801.2000000000002,129.85413290113453
2024-01-05,2024-Q1,762.6500000000001,123.6061588330632
2024-01-08,2024-Q1,741.0500000000001,120.10534846029172
2024-01-09,2024-Q1,764.3000000000001,123.87358184764992
2024-01-10,2024-Q1,772.2500000000001,125.16207455429496
2024-01-11,2024-Q1,777.1500000000001,125.95623987034035
2024-01-12,2024-Q1,763.4000000000001,123.72771474878444
2024-01-15,2024-Q1,756.3000000000001,122.5769854132901
2024-01-16,2024-Q1,750.5500000000001,121.645056726094
2024-01-17,2024-Q1,736.95,119.44084278768234
2024-01-18,2024-Q1,728.0,117.99027552674232
2024-01-19,2024-Q1,745.35,120.80226904376012
2024-01-20,2024-Q1,743.05,120.42949756888169
2024-01-22,2024-Q1,743.05,120.42949756888169
2024-01-23,2024-Q1,708.15,114.77309562398705
2024-01-24,2024-Q1,725.6,117.60129659643437
2024-01-25,2024-Q1,732.55,118.72771474878444
2024-01-26,2024-Q1,732.55,118.72771474878444
2024-01-29,2024-Q1,751.85,121.85575364667748
2024-01-30,2024-Q1,738.2500000000001,119.6515397082658
2024-01-31,2024-Q1,751.1000000000001,121.73419773095624
2024-02-01,2024-Q1,734.0000000000001,118.96272285251216
2024-02-02,2024-Q1,732.7000000000002,118.7520259319287
2024-02-05,2024-Q1,711.9,115.3808752025932
2024-02-06,2024-Q1,715.95,116.03727714748786
2024-02-07,2024-Q1,701.2000000000002,113.64667747163696
2024-02-08,2024-Q1,685.0500000000001,111.02917341977307
2024-02-09,2024-Q1,671.7000000000002,108.86547811993518
2024-02-12,2024-Q1,644.4500000000002,104.4489465153971
2024-02-13,2024-Q1,640.55,103.81685575364668
2024-02-14,2024-Q1,645.1,104.55429497568882
2024-02-15,2024-Q1,653.0500000000001,105.84278768233386
2024-02-16,2024-Q1,659.3500000000001,106.86385737439224
2024-02-19,2024-Q1,674.3000000000002,109.28687196110212
2024-02-20,2024-Q1,674.0000000000002,109.2382495948136
2024-02-21,2024-Q1,668.0500000000002,108.2739059967585
2024-02-22,2024-Q1,669.2500000000001,108.46839546191248
2024-02-23,2024-Q1,675.05,109.40842787682334
2024-02-26,2024-Q1,678.6000000000001,109.9837925445705
2024-02-27,2024-Q1,666.25,107.98217179902755
2024-02-28,2024-Q1,647.65,104.967585089141
2024-02-29,2024-Q1,640.5499999999998,103.81685575364668
2024-03-01,2024-Q1,631.8499999999999,73.13078703703704
2024-03-02,2024-Q1,639.3499999999999,73.9988425925926
2024-03-04,2024-Q1,633.9499999999999,73.3738425925926
2024-03-05,2024-Q1,631.2999999999998,73.06712962962962
2024-03-06,2024-Q1,620.2999999999997,71.79398148148147
2024-03-07,2024-Q1,630.2999999999997,72.95138888888889
2024-03-08,2024-Q1,630.2999999999997,72.95138888888889
2024-03-11,2024-Q1,617.5499999999997,71.47569444444443
2024-03-12,2024-Q1,620.1499999999996,71.77662037037037
2024-03-13,2024-Q1,598.0499999999996,69.21874999999999
2024-03-14,2024-Q1,614.7499999999997,71.15162037037037
2024-03-15,2024-Q1,626.4999999999997,72.51157407407408
2024-03-18,2024-Q1,620.7499999999997,71.84606481481481
2024-03-19,2024-Q1,612.3499999999996,70.8738425925926
2024-03-20,2024-Q1,607.6999999999996,70.33564814814815
2024-03-21,2024-Q1,621.6499999999995,71.95023148148148
2024-03-22,2024-Q1,624.3999999999996,72.2685185185185
2024-03-25,2024-Q1,624.3999999999996,72.2685185185185
2024-03-26,2024-Q1,627.2499999999998,72.59837962962962
2024-03-27,2024-Q1,629.9499999999998,72.91087962962963
2024-03-28,2024-Q1,625.0999999999998,72.34953703703704
2024-03-29,2024-Q1,625.0999999999998,72.34953703703704
2024-04-01,2024-Q2,644.7999999999997,74.62962962962962
2024-04-02,2024-Q2,658.9999999999997,76.27314814814814
2024-04-03,2024-Q2,691.8499999999997,80.07523148148148
2024-04-04,2024-Q2,693.5999999999997,80.27777777777777
2024-04-05,2024-Q2,707.6499999999997,81.90393518518518
2024-04-08,2024-Q2,702.6999999999998,81.33101851851852
2024-04-09,2024-Q2,693.7999999999998,80.30092592592591
2024-04-10,2024-Q2,708.4999999999998,82.00231481481481
2024-04-11,2024-Q2,708.4999999999998,82.00231481481481
2024-04-12,2024-Q2,698.9999999999998,80.90277777777777
2024-04-15,2024-Q2,683.4999999999999,79.10879629629629
2024-04-16,2024-Q2,683.9499999999999,79.16087962962963
2024-04-17,2024-Q2,683.9499999999999,79.16087962962963
2024-04-18,2024-Q2,672.3499999999999,77.81828703703704
2024-04-19,2024-Q2,682.35,78.97569444444444
2024-04-22,2024-Q2,683.05,79.05671296296295
2024-04-23,2024-Q2,693.6,80.27777777777777
2024-04-24,2024-Q2,711.0,82.29166666666666
2024-04-25,2024-Q2,709.15,82.07754629629629
2024-04-26,2024-Q2,719.45,83.26967592592592
2024-04-29,2024-Q2,720.8,83.42592592592591
2024-04-30,2024-Q2,712.65,82.48263888888889
2024-05-01,2024-Q2,712.65,82.48263888888889
2024-05-02,2024-Q2,698.2500000000001,80.81597222222221
2024-05-03,2024-Q2,684.8000000000001,79.25925925925925
2024-05-06,2024-Q2,678.6500000000001,78.5474537037037
2024-05-07,2024-Q2,650.7000000000002,75.3125
2024-05-08,2024-Q2,659.1500000000001,76.29050925925925
2024-05-09,2024-Q2,637.0500000000001,73.73263888888889
2024-05-10,2024-Q2,645.7500000000001,74.73958333333333
2024-05-13,2024-Q2,648.6000000000003,75.06944444444444
2024-05-14,2024-Q2,657.0500000000002,76.0474537037037
2024-05-15,2024-Q2,660.5500000000003,76.45254629629629
2024-05-16,2024-Q2,664.3500000000004,76.89236111111111
2024-05-17,2024-Q2,670.6500000000003,77.62152777777777
2024-05-18,2024-Q2,668.2500000000005,77.34375
2024-05-20,2024-Q2,668.2500000000005,77.34375
2024-05-21,2024-Q2,673.3500000000006,77.93402777777777
2024-05-22,2024-Q2,663.4500000000005,76.78819444444444
2024-05-23,2024-Q2,664.5500000000003,76.91550925925925
2024-05-24,2024-Q2,656.4000000000003,75.97222222222221
2024-05-27,2024-Q2,665.4000000000003,77.01388888888889
2024-05-28,2024-Q2,670.6500000000002,77.62152777777777
2024-05-29,2024-Q2,668.9500000000003,77.42476851851852
2024-05-30,2024-Q2,640.5000000000002,74.13194444444444
2024-05-31,2024-Q2,633.6500000000002,73.33912037037037
2024-06-03,2024-Q2,662.9000000000001,76.72453703703702
2024-06-04,2024-Q2,615.6500000000001,71.25578703703702
2024-06-05,2024-Q2,624.1000000000001,72.23379629629629
2024-06-06,2024-Q2,637.5500000000002,73.79050925925925
2024-06-07,2024-Q2,646.3500000000003,74.80902777777777
2024-06-10,2024-Q2,667.0500000000003,77.2048611111111
2024-06-11,2024-Q2,682.5500000000002,78.99884259259258
2024-06-12,2024-Q2,685.7000000000004,79.36342592592592
2024-06-13,2024-Q2,689.5000000000003,79.80324074074073
2024-06-14,2024-Q2,683.8000000000003,79.1435185185185
2024-06-17,2024-Q2,683.8000000000003,79.1435185185185
2024-06-18,2024-Q2,703.2000000000004,81.38888888888889
2024-06-19,2024-Q2,696.9500000000004,80.66550925925925
2024-06-20,2024-Q2,765.5500000000004,88.60532407407406
2024-06-21,2024-Q2,715.8500000000004,82.85300925925925
2024-06-24,2024-Q2,706.9500000000004,81.82291666666667
2024-06-25,2024-Q2,694.6500000000003,80.39930555555554
2024-06-26,2024-Q2,694.3500000000004,80.36458333333333
2024-06-27,2024-Q2,672.3000000000004,77.81249999999999
2024-06-28,2024-Q2,710.5000000000005,82.23379629629629
2024-07-01,2024-Q3,724.1500000000005,83.8136574074074
2024-07-02,2024-Q3,715.1000000000006,82.7662037037037
2024-07-03,2024-Q3,723.5000000000005,83.73842592592592
2024-07-04,2024-Q3,727.9500000000006,84.25347222222223
2024-07-05,2024-Q3,714.1000000000006,82.65046296296296
2024-07-08,2024-Q3,713.9500000000006,82.63310185185185
2024-07-09,2024-Q3,704.4500000000006,81.53356481481481
2024-07-10,2024-Q3,687.2000000000006,79.53703703703704
2024-07-11,2024-Q3,686.0000000000005,79.39814814814814
2024-07-12,2024-Q3,685.9500000000006,79.39236111111111
2024-07-15,2024-Q3,680.8000000000005,78.79629629629629
2024-07-16,2024-Q3,686.4000000000005,79.44444444444444
2024-07-17,2024-Q3,686.4000000000005,79.44444444444444
2024-07-18,2024-Q3,679.6000000000007,78.6574074074074
2024-07-19,2024-Q3,664.1500000000005,76.86921296296296
2024-07-22,2024-Q3,684.0500000000005,79.1724537037037
2024-07-23,2024-Q3,662.2500000000006,76.64930555555556
2024-07-24,2024-Q3,668.8500000000006,77.41319444444444
2024-07-25,2024-Q3,669.6500000000007,77.50578703703702
2024-07-26,2024-Q3,683.0000000000006,79.05092592592592
2024-07-29,2024-Q3,691.3000000000005,80.01157407407406
2024-07-30,2024-Q3,713.0500000000005,82.52893518518518
2024-07-31,2024-Q3,713.1000000000006,82.53472222222221
2024-08-01,2024-Q3,703.4500000000005,81.41782407407408
2024-08-02,2024-Q3,679.4500000000005,78.64004629629629
2024-08-05,2024-Q3,649.1500000000004,75.13310185185185
2024-08-06,2024-Q3,642.3000000000003,74.34027777777777
2024-08-07,2024-Q3,666.4500000000004,77.13541666666667
2024-08-08,2024-Q3,662.9000000000003,76.72453703703702
2024-08-09,2024-Q3,667.1000000000003,77.21064814814815
2024-08-12,2024-Q3,669.7000000000004,77.51157407407408
2024-08-13,2024-Q3,658.1000000000004,76.16898148148148
2024-08-14,2024-Q3,649.7000000000004,75.19675925925927
2024-08-15,2024-Q3,649.7000000000004,75.19675925925927
2024-08-16,2024-Q3,650.6000000000004,75.30092592592592
2024-08-19,2024-Q3,650.1500000000003,75.24884259259258
2024-08-20,2024-Q3,658.6500000000003,76.23263888888889
2024-08-21,2024-Q3,668.1500000000003,77.33217592592592
2024-08-22,2024-Q3,669.2500000000003,77.45949074074073
2024-08-23,2024-Q3,666.8500000000004,77.18171296296296
2024-08-26,2024-Q3,675.5500000000002,78.18865740740739
2024-08-27,2024-Q3,680.6000000000004,78.77314814814815
2024-08-28,2024-Q3,675.7000000000004,78.20601851851852
2024-08-29,2024-Q3,675.9500000000005,78.23495370370371
2024-08-30,2024-Q3,683.5000000000006,79.10879629629629
2024-09-02,2024-Q3,694.1500000000005,80.34143518518518
2024-09-03,2024-Q3,686.6000000000007,79.4675925925926
2024-09-04,2024-Q3,695.9000000000007,80.54398148148147
2024-09-05,2024-Q3,705.2000000000007,81.62037037037037
2024-09-06,2024-Q3,680.5500000000006,78.7673611111111
2024-09-09,2024-Q3,672.4500000000007,77.82986111111111
2024-09-10,2024-Q3,679.4500000000007,78.64004629629629
2024-09-11,2024-Q3,655.3500000000007,75.85069444444444
2024-09-12,2024-Q3,659.1000000000007,76.28472222222221
2024-09-13,2024-Q3,660.1000000000006,76.40046296296296
2024-09-16,2024-Q3,654.5500000000006,75.75810185185185
2024-09-17,2024-Q3,652.6000000000007,75.5324074074074
2024-09-18,2024-Q3,654.9000000000007,75.7986111111111
2024-09-19,2024-Q3,646.2500000000006,74.7974537037037
2024-09-20,2024-Q3,644.6000000000007,74.60648148148148
2024-09-23,2024-Q3,660.8000000000006,76.48148148148147
2024-09-24,2024-Q3,664.6500000000007,76.92708333333333
2024-09-25,2024-Q3,665.3500000000007,77.00810185185185
2024-09-26,2024-Q3,668.0000000000007,77.31481481481481
2024-09-27,2024-Q3,675.2500000000008,78.15393518518518
2024-09-30,2024-Q3,675.7000000000008,78.20601851851852
2024-10-01,2024-Q4,699.450000000001,80.95486111111111
2024-10-02,2024-Q4,699.450000000001,80.95486111111111
2024-10-03,2024-Q4,677.450000000001,78.40856481481481
2024-10-04,2024-Q4,645.7500000000009,74.73958333333333
2024-10-07,2024-Q4,631.700000000001,73.11342592592592
2024-10-08,2024-Q4,639.8500000000009,74.05671296296296
2024-10-09,2024-Q4,647.4500000000011,74.9363425925926
2024-10-10,2024-Q4,648.500000000001,75.05787037037037
2024-10-11,2024-Q4,647.7000000000011,74.96527777777777
2024-10-14,2024-Q4,647.7000000000011,74.96527777777777
2024-10-15,2024-Q4,645.6500000000009,74.72800925925925
2024-10-16,2024-Q4,643.850000000001,74.51967592592592
2024-10-17,2024-Q4,639.2000000000011,73.98148148148148
2024-10-18,2024-Q4,641.6000000000009,74.25925925925925
2024-10-21,2024-Q4,639.800000000001,74.05092592592591
2024-10-22,2024-Q4,634.950000000001,73.48958333333333
2024-10-23,2024-Q4,632.050000000001,73.15393518518518
2024-10-24,2024-Q4,632.400000000001,73.19444444444444
2024-10-25,2024-Q4,597.2000000000011,69.12037037037037
2024-10-28,2024-Q4,604.900000000001,70.01157407407406
2024-10-29,2024-Q4,616.7000000000011,71.37731481481481
2024-10-30,2024-Q4,624.600000000001,72.29166666666667
2024-10-31,2024-Q4,625.150000000001,72.35532407407406
2024-11-01,2024-Q4,626.7000000000012,72.53472222222223
2024-11-04,2024-Q4,607.6500000000011,70.3298611111111
2024-11-05,2024-Q4,614.0500000000011,71.07060185185185
2024-11-06,2024-Q4,627.3000000000011,72.60416666666666
2024-11-07,2024-Q4,637.400000000001,73.77314814814814
2024-11-08,2024-Q4,618.650000000001,71.60300925925925
2024-11-11,2024-Q4,606.550000000001,70.20254629629629
2024-11-12,2024-Q4,589.2000000000011,68.19444444444444
2024-11-13,2024-Q4,545.0000000000009,63.0787037037037
2024-11-14,2024-Q4,554.200000000001,64.14351851851852
2024-11-15,2024-Q4,554.200000000001,64.14351851851852
2024-11-18,2024-Q4,558.5000000000009,64.6412037037037
2024-11-19,2024-Q4,561.0500000000009,64.93634259259258
2024-11-20,2024-Q4,561.0500000000009,64.93634259259258
2024-11-21,2024-Q4,555.5500000000009,64.2997685185185
2024-11-22,2024-Q4,564.2000000000011,65.30092592592592
2024-11-25,2024-Q4,584.400000000001,67.63888888888889
2024-11-26,2024-Q4,593.0500000000011,68.64004629629629
2024-11-27,2024-Q4,599.5500000000011,69.3923611111111
2024-11-28,2024-Q4,614.2500000000011,71.09375
2024-11-29,2024-Q4,638.8000000000011,73.93518518518518
2024-12-02,2024-Q4,652.2500000000013,75.49189814814814
2024-12-03,2024-Q4,637.1500000000012,73.74421296296296
2024-12-04,2024-Q4,635.2500000000013,73.52430555555556
2024-12-05,2024-Q4,635.0000000000013,73.49537037037037
2024-12-06,2024-Q4,636.7000000000012,73.69212962962963
2024-12-09,2024-Q4,622.4000000000011,72.03703703703702
2024-12-10,2024-Q4,628.5500000000011,72.74884259259258
2024-12-11,2024-Q4,624.7000000000011,72.30324074074075
2024-12-12,2024-Q4,618.550000000001,71.59143518518518
2024-12-13,2024-Q4,619.350000000001,71.68402777777777
2024-12-16,2024-Q4,619.550000000001,71.70717592592591
2024-12-17,2024-Q4,612.800000000001,70.92592592592591
2024-12-18,2024-Q4,605.050000000001,70.02893518518518
2024-12-19,2024-Q4,600.000000000001,69.44444444444444
2024-12-20,2024-Q4,583.800000000001,67.56944444444443
2024-12-23,2024-Q4,580.250000000001,67.15856481481481
2024-12-24,2024-Q4,582.500000000001,67.41898148148148
2024-12-25,2024-Q4,582.500000000001,67.41898148148148
2024-12-26,2024-Q4,575.500000000001,66.60879629629629
2024-12-27,2024-Q4,571.550000000001,66.15162037037037
2024-12-30,2024-Q4,553.6000000000009,64.07407407407408
2024-12-31,2024-Q4,559.0000000000009,64.69907407407408
