Date,Quarter,Close,PE,Median_PE_90,Median_PE_180,Median_PE_365
2005-01-03,2005-Q1,23.971429,3.97536135986733,,,
2005-01-04,2005-Q1,24.359184,4.039665671641791,,,
2005-01-05,2005-Q1,23.293878,3.862998009950248,,,
2005-01-06,2005-Q1,22.44898,3.7228822553897176,,,
2005-01-07,2005-Q1,23.061224,3.8244152570480927,,,
2005-01-10,2005-Q1,22.669388,3.75943416252073,,,
2005-01-11,2005-Q1,22.538776,3.737773797678275,,,
2005-01-12,2005-Q1,23.012245,3.816292703150912,,,
2005-01-13,2005-Q1,22.873469,3.793278441127695,,,
2005-01-14,2005-Q1,22.322449,3.701898673300165,,,
2005-01-17,2005-Q1,22.742857,3.771618076285241,,,
2005-01-18,2005-Q1,22.710204,3.766202985074627,,,
2005-01-19,2005-Q1,22.861224,3.79124776119403,,,
2005-01-20,2005-Q1,22.542857,3.7384505804311776,,,
2005-01-21,2005-Q1,22.542857,3.7384505804311776,,,
2005-01-24,2005-Q1,22.314286,3.700544941956882,,,
2005-01-25,2005-Q1,22.481633,3.728297346600331,,,
2005-01-26,2005-Q1,22.481633,3.728297346600331,,,
2005-01-27,2005-Q1,23.310204,3.865705472636816,,,
2005-01-28,2005-Q1,24.22449,4.017328358208955,,,
2005-01-31,2005-Q1,23.212245,3.849460199004975,,,
2005-02-01,2005-Q1,24.191837,4.0119132669983415,,,
2005-02-02,2005-Q1,26.489796,4.393000995024875,,,
2005-02-03,2005-Q1,27.457143,4.553423383084577,,,
2005-02-04,2005-Q1,27.204082,4.511456384742952,,,
2005-02-07,2005-Q1,27.514286,4.56289983416252,,,
2005-02-08,2005-Q1,28.795918,4.775442454394693,,,
2005-02-09,2005-Q1,30.391837,5.040105638474294,,,
2005-02-10,2005-Q1,28.726531,4.763935489220564,,,
2005-02-11,2005-Q1,29.510204,4.89389784411277,,,
2005-02-14,2005-Q1,29.122449,4.829593532338309,,,
2005-02-15,2005-Q1,28.55102,4.734829187396351,,,
2005-02-16,2005-Q1,27.946939,4.63464991708126,,,
2005-02-17,2005-Q1,28.077551,4.656310281923714,,,
2005-02-18,2005-Q1,27.930612,4.631942288557214,,,
2005-02-21,2005-Q1,27.4,4.543946932006633,,,
2005-02-22,2005-Q1,27.330612,4.532439800995024,,,
2005-02-23,2005-Q1,31.322449,5.194435986733001,,,
2005-02-24,2005-Q1,29.240816,4.849223217247097,,,
2005-02-25,2005-Q1,30.408163,5.042813101160862,,,
2005-02-28,2005-Q1,31.040816,5.147730679933665,,,
2005-03-01,2005-Q1,31.093878,3.996642416452442,,,
2005-03-02,2005-Q1,31.955102,4.107339588688946,,,
2005-03-03,2005-Q1,34.077551,4.3801479434447295,,,
2005-03-04,2005-Q1,39.012245,5.014427377892031,,,
2005-03-07,2005-Q1,37.861224,4.866481233933162,,,
2005-03-08,2005-Q1,36.808163,4.731126349614396,,,
2005-03-09,2005-Q1,36.791837,4.729027892030849,,,
2005-03-10,2005-Q1,35.212245,4.5259955012853474,,,
2005-03-11,2005-Q1,36.689796,4.715912082262211,,,
2005-03-14,2005-Q1,35.787755,4.599968508997429,,,
2005-03-15,2005-Q1,34.489796,4.433135732647815,,,
2005-03-16,2005-Q1,35.167347,4.520224550128535,,,
2005-03-17,2005-Q1,34.338776,4.41372442159383,,,
2005-03-18,2005-Q1,34.681633,4.457793444730076,,,
2005-03-21,2005-Q1,35.873469,4.610985732647815,,,
2005-03-22,2005-Q1,35.538776,4.5679660668380455,,,
2005-03-23,2005-Q1,33.502041,4.306174935732647,,,
2005-03-24,2005-Q1,33.763265,4.339751285347044,,,
2005-03-25,2005-Q1,33.763265,4.339751285347044,,,
2005-03-28,2005-Q1,33.608163,4.31981529562982,,,
2005-03-29,2005-Q1,33.832653,4.348670051413881,,,
2005-03-30,2005-Q1,33.538776,4.310896658097686,,,
2005-03-31,2005-Q1,35.322449,4.540160539845758,,,
2005-04-01,2005-Q2,36.040816,4.632495629820051,,,
2005-04-04,2005-Q2,35.44898,4.556424164524421,,,
2005-04-05,2005-Q2,34.440816,4.426840102827764,,,
2005-04-06,2005-Q2,35.730612,4.592623650385604,,,
2005-04-07,2005-Q2,35.6,4.575835475578407,,,
2005-04-08,2005-Q2,35.195918,4.523896915167095,,,
2005-04-11,2005-Q2,35.04898,4.505010282776349,,,
2005-04-12,2005-Q2,35.510204,4.564293573264782,,,
2005-04-13,2005-Q2,35.955102,4.621478406169666,,,
2005-04-14,2005-Q2,35.955102,4.621478406169666,,,
2005-04-15,2005-Q2,35.6,4.575835475578407,,,
2005-04-18,2005-Q2,35.208163,4.525470822622108,,,
2005-04-19,2005-Q2,34.236735,4.400608611825193,,,
2005-04-20,2005-Q2,34.938776,4.4908452442159374,,,
2005-04-21,2005-Q2,36.673469,4.713813496143958,,,
2005-04-22,2005-Q2,36.522449,4.694402185089975,,,
2005-04-25,2005-Q2,36.102041,4.640365167095116,,,
2005-04-26,2005-Q2,35.714286,4.5905251928020565,,,
2005-04-27,2005-Q2,35.910204,4.615707455012854,,,
2005-04-28,2005-Q2,36.857143,4.737421979434448,,,
2005-04-29,2005-Q2,36.044898,4.633020308483291,,,
2005-05-02,2005-Q2,35.383673,4.548029948586119,,,
2005-05-03,2005-Q2,36.77551,4.726929305912596,,,
2005-05-04,2005-Q2,36.742857,4.722732262210797,,,
2005-05-05,2005-Q2,37.065306,4.764178149100257,,,
2005-05-06,2005-Q2,37.6,4.832904884318766,4.536300170420391,,
2005-05-09,2005-Q2,37.657143,4.840249742930591,4.542053735926196,,
2005-05-10,2005-Q2,36.783673,4.72797853470437,4.545988440296376,,
2005-05-11,2005-Q2,36.861224,4.737946529562982,4.550726665835348,,
2005-05-12,2005-Q2,37.126531,4.772047686375322,4.554923773804498,,
2005-05-13,2005-Q2,37.440816,4.812444215938303,4.55966199934347,,
2005-05-16,2005-Q2,37.938776,4.876449357326478,4.563596703713651,,
2005-05-17,2005-Q2,38.04898,4.89061439588689,4.5661298200514135,,
2005-05-18,2005-Q2,38.138776,4.902156298200514,4.5719007712082265,,
2005-05-19,2005-Q2,38.326531,4.926289331619538,4.575835475578407,,
2005-05-20,2005-Q2,38.404082,4.936257326478149,4.583180334190232,,
2005-05-23,2005-Q2,39.922449,5.131420179948586,4.59157442159383,,
2005-05-24,2005-Q2,39.82449,5.118829048843187,4.596296079691516,,
2005-05-25,2005-Q2,39.428571,5.06793971722365,4.605477120822622,,
2005-05-26,2005-Q2,39.571429,5.086301928020566,4.613346593830334,,
2005-05-27,2005-Q2,39.563265,5.085252570694087,4.61859293059126,,
2005-05-30,2005-Q2,38.967347,5.008656426735218,4.621478406169666,,
2005-05-31,2005-Q2,38.032653,4.888515809768638,4.62671034736344,,
2005-06-01,2005-Q2,38.714286,6.484805025125628,4.6322189591886325,,
2005-06-02,2005-Q2,38.571429,6.460875879396985,4.632757969151671,,
2005-06-03,2005-Q2,38.57551,6.4615594639866005,4.6338351127822754,,
2005-06-04,2005-Q2,38.285714,6.413017420435511,4.637507542088188,,
2005-06-06,2005-Q2,38.232653,6.404129480737018,4.648337724509415,,
2005-06-07,2005-Q2,38.081633,6.378832998324958,4.675356233506845,,
2005-06-08,2005-Q2,38.220408,6.402078391959799,4.704107840616967,,
2005-06-09,2005-Q2,38.093878,6.380884087102177,4.714862789203084,,
2005-06-10,2005-Q2,37.759184,6.324821440536013,4.719322172236504,,
2005-06-13,2005-Q2,38.253061,6.407547906197656,4.719322172236504,,
2005-06-14,2005-Q2,38.567347,6.460192127303182,4.719322172236504,,
2005-06-15,2005-Q2,38.881633,6.512836348408711,4.719322172236504,,
2005-06-16,2005-Q2,38.906122,6.516938358458963,4.719322172236504,,
2005-06-17,2005-Q2,37.477551,6.277646733668342,4.719322172236504,,
2005-06-20,2005-Q2,36.987755,6.195603852596316,4.719322172236504,,
2005-06-21,2005-Q2,36.853061,6.173042043551089,4.724830784061696,,
2005-06-22,2005-Q2,36.738776,6.153898827470687,4.727453920308482,,
2005-06-23,2005-Q2,36.318367,6.083478559463988,4.72850321336761,,
2005-06-24,2005-Q2,36.579592,6.127234840871021,4.730077120822623,,
2005-06-27,2005-Q2,35.865306,6.007588944723618,4.734274164524422,,
2005-06-28,2005-Q2,35.714286,5.982292462311558,4.734274164524422,,
2005-06-29,2005-Q2,35.665306,5.974088107202681,4.734274164524422,,
2005-06-30,2005-Q2,35.922449,6.017160636515913,4.734274164524422,,
2005-07-01,2005-Q3,36.044898,6.03767135678392,4.734274164524422,,
2005-07-04,2005-Q3,37.514286,6.2838,4.737684254498715,,
2005-07-05,2005-Q3,38.265306,6.409598994974875,4.75106233933162,,
2005-07-06,2005-Q3,38.420408,6.435579229480737,4.768112917737789,,
2005-07-07,2005-Q3,37.644898,6.305678056951424,4.768112917737789,,
2005-07-08,2005-Q3,38.004082,6.365842881072027,4.768112917737789,,
2005-07-11,2005-Q3,38.314286,6.417803350083753,4.792245951156812,,
2005-07-12,2005-Q3,38.816327,6.501897319932999,4.822674550128534,,
2005-07-13,2005-Q3,38.497959,6.448569346733668,4.836577313624678,,
2005-07-14,2005-Q3,37.942857,6.355587437185929,4.858349550128534,,
2005-07-15,2005-Q3,39.967347,6.6946979899497485,4.882482583547558,,
2005-07-18,2005-Q3,41.326531,6.922367001675043,4.889565102827763,,
2005-07-19,2005-Q3,41.465306,6.945612395309883,4.896385347043702,,
2005-07-20,2005-Q3,41.318367,6.920999497487438,4.914222814910026,,
2005-07-21,2005-Q3,40.865306,6.845109882747068,4.931273329048843,,
2005-07-22,2005-Q3,41.75102,6.993470686767169,4.972456876606684,,
2005-07-25,2005-Q3,44.057143,7.379755946398661,5.038298071979434,,
2005-07-26,2005-Q3,44.791837,7.5028202680067,5.076596143958868,,
2005-07-27,2005-Q3,46.493878,7.787919262981576,5.085777249357326,,
2005-07-28,2005-Q3,46.493878,7.787919262981576,5.1025654884318765,,
2005-07-29,2005-Q3,45.273469,7.583495644891122,5.125124614395887,,
2005-08-01,2005-Q3,45.310204,7.58964891122278,5.552754143575633,,
2005-08-02,2005-Q3,46.82449,7.843298157453936,5.978190284757119,,
2005-08-03,2005-Q3,48.012245,8.042252093802345,5.994940703517588,,
2005-08-04,2005-Q3,46.8,7.839195979899498,6.0123747906197655,,
2005-08-05,2005-Q3,48.367347,8.101733165829147,6.027415996649917,,
2005-08-08,2005-Q3,48.2,8.073701842546065,6.060574958123954,,
2005-08-09,2005-Q3,48.37551,8.103100502512563,6.105356700167505,,
2005-08-10,2005-Q3,51.771429,8.671931155778895,6.140566834170855,,
2005-08-11,2005-Q3,51.779592,8.673298492462312,6.163470435510888,,
2005-08-12,2005-Q3,50.955102,8.53519296482412,6.184322948073703,,
2005-08-15,2005-Q3,50.955102,8.53519296482412,6.236625293132329,,
2005-08-16,2005-Q3,51.102041,8.559805862646567,6.280723366834171,,
2005-08-17,2005-Q3,50.346939,8.43332311557789,6.294739028475712,,
2005-08-18,2005-Q3,50.310204,8.427169849246232,6.315249748743719,,
2005-08-19,2005-Q3,50.604082,8.476395644891122,6.340204438860971,,
2005-08-22,2005-Q3,50.971429,8.537927805695142,6.3607151591289774,,
2005-08-23,2005-Q3,48.787755,8.172153266331659,6.372337939698492,,
2005-08-24,2005-Q3,47.367347,7.934228978224456,6.379858542713567,,
2005-08-25,2005-Q3,47.795918,8.006016415410386,6.391481239530988,,
2005-08-26,2005-Q3,48.081633,8.053874874371859,6.403103936348408,,
2005-08-29,2005-Q3,47.167347,7.900728140703518,6.405838693467337,,
2005-08-30,2005-Q3,46.632653,7.811164656616415,6.408573450586266,,
2005-08-31,2005-Q3,47.306122,7.923973534338359,6.4113082077051935,,
2005-09-01,2005-Q3,49.318367,39.772876612903225,6.415410385259632,,
2005-09-02,2005-Q3,50.612245,40.816326612903225,6.426691289782245,,
2005-09-05,2005-Q3,51.338776,41.40223870967742,6.442074288107203,,
2005-09-06,2005-Q3,49.538776,39.95062580645161,6.454380737018425,,
2005-09-07,2005-Q3,49.538776,39.95062580645161,6.460534003350084,,
2005-09-08,2005-Q3,48.371429,39.00921693548387,6.461217671691793,4.882482583547558,
2005-09-09,2005-Q3,47.620408,38.40355483870968,6.4731822445561145,4.889565102827763,
2005-09-12,2005-Q3,48.885714,39.42396290322581,6.493351172529314,4.89225611999983,
2005-09-13,2005-Q3,48.963265,39.48650403225806,6.507366834170854,4.898027071156642,
2005-09-14,2005-Q3,47.726531,38.48913790322581,6.514887353433837,4.914222814910026,
2005-09-15,2005-Q3,48.37551,39.012508064516126,6.605818174204355,4.931273329048843,
2005-09-16,2005-Q3,48.118367,38.80513467741935,6.769903936348408,4.972456876606684,
2005-09-19,2005-Q3,49.808163,40.167873387096776,6.883054690117254,5.011541902313624,
2005-09-20,2005-Q3,49.604082,40.00329193548387,6.921683249581241,5.027266508183162,
2005-09-21,2005-Q3,48.367347,39.005925000000005,6.933989698492463,5.041459369817578,
2005-09-22,2005-Q3,47.285714,38.133640322580646,6.9695415410385255,5.055376409192256,
2005-09-23,2005-Q3,47.865306,38.601053225806446,7.186613316582915,5.076596143958868,
2005-09-26,2005-Q3,49.534694,39.94733387096775,7.441288107202681,5.085777249357326,
2005-09-27,2005-Q3,51.318367,41.38577983870968,7.543157956448911,5.1025654884318765,
2005-09-28,2005-Q3,55.938776,45.11191612903226,7.586572278056951,5.125124614395887,
2005-09-29,2005-Q3,52.906122,42.66622741935484,7.688784087102178,5.139575429941125,
2005-09-30,2005-Q3,54.130612,43.65371935483871,7.787919262981576,5.171083333333334,
2005-10-03,2005-Q4,52.469388,42.314022580645165,7.7995419597989954,5.584262046967841,
2005-10-04,2005-Q4,52.110204,42.02435806451613,7.825180318257956,5.978190284757119,
2005-10-05,2005-Q4,51.273469,41.34957177419355,7.841247068676717,5.994940703517588,
2005-10-06,2005-Q4,50.363265,40.61553629032258,7.872013149078727,6.0123747906197655,
2005-10-07,2005-Q4,51.093878,41.20474032258064,7.912350837520938,6.027415996649917,
2005-10-10,2005-Q4,52.032653,41.961816935483874,7.929101256281408,6.060574958123954,
2005-10-11,2005-Q4,55.571429,44.8156685483871,7.970122696817421,6.105356700167505,
2005-10-12,2005-Q4,55.571429,44.8156685483871,8.024134254606366,6.140566834170855,
2005-10-13,2005-Q4,52.281633,42.16260725806452,8.048063484087102,6.163470435510888,
2005-10-14,2005-Q4,51.228571,41.31336370967742,8.063788358458961,6.184322948073703,
2005-10-17,2005-Q4,50.416327,40.65832822580646,8.087717504187605,6.236625293132329,
2005-10-18,2005-Q4,50.595918,40.80315967741935,8.102416834170855,6.280723366834171,
2005-10-19,2005-Q4,52.359184,42.22514838709677,8.137626884422112,6.294739028475712,
2005-10-20,2005-Q4,52.971429,42.71889435483871,8.299661557788944,6.315249748743719,
2005-10-21,2005-Q4,52.726531,42.52139596774194,8.43024648241206,6.340204438860971,
2005-10-24,2005-Q4,51.02449,41.148782258064514,8.454859380234506,6.3607151591289774,
2005-10-25,2005-Q4,49.906122,40.24687258064517,8.50579430485762,6.372337939698492,
2005-10-26,2005-Q4,50.314286,40.57603709677419,8.53519296482412,6.379858542713567,
2005-10-27,2005-Q4,50.493878,40.72086935483871,8.53656038525963,6.391481239530988,
2005-10-28,2005-Q4,49.383673,39.825542741935486,8.548866834170855,6.403103936348408,
2005-10-31,2005-Q4,50.236735,40.51349596774194,8.615868509212731,6.405838693467337,
2005-11-01,2005-Q4,50.693878,40.88215967741935,8.672614824120604,6.408573450586266,
2005-11-02,2005-Q4,49.608163,40.00658306451613,23.40346940752148,6.4113082077051935,
2005-11-03,2005-Q4,49.608163,40.00658306451613,38.26859758064517,6.415410385259632,
2005-11-04,2005-Q4,49.608163,40.00658306451613,38.44634637096775,6.426691289782245,
2005-11-07,2005-Q4,50.387755,40.63528629032258,38.54509556451613,6.442074288107203,
2005-11-08,2005-Q4,52.355102,42.22185645161291,38.7030939516129,6.454380737018425,
2005-11-09,2005-Q4,53.632653,43.25213951612903,38.90552983870968,6.460534003350084,
2005-11-10,2005-Q4,54.444898,43.90717580645161,39.00757096774194,6.461217671691793,
2005-11-11,2005-Q4,53.306122,42.98880806451613,39.0108625,6.4731822445561145,
2005-11-14,2005-Q4,54.604082,44.03555,39.21823548387097,6.493351172529314,
2005-11-15,2005-Q4,54.604082,44.03555,39.455233467741934,6.507366834170854,
2005-11-16,2005-Q4,54.759184,44.16063225806452,39.62969032258064,6.514887353433837,
2005-11-17,2005-Q4,53.861224,43.43647096774193,39.79920967741936,6.605818174204355,
2005-11-18,2005-Q4,53.991837,43.541804032258064,39.88643830645162,6.769903936348408,
2005-11-21,2005-Q4,55.17551,44.49637903225807,39.94897983870968,6.883054690117254,
2005-11-22,2005-Q4,54.926531,44.29558951612903,39.95062580645161,6.921683249581241,
2005-11-23,2005-Q4,54.779592,44.177090322580646,39.97695887096774,6.933989698492463,
2005-11-24,2005-Q4,55.583673,44.82554274193548,40.0049375,6.9695415410385255,
2005-11-25,2005-Q4,55.836735,45.029625,40.00658306451613,7.186613316582915,
2005-11-26,2005-Q4,58.897959,47.498354032258064,40.00658306451613,7.441288107202681,
2005-11-28,2005-Q4,62.485714,50.39170483870968,40.087228225806456,7.543157956448911,
2005-11-29,2005-Q4,58.853061,47.46214596774193,40.20737298387097,7.586572278056951,
2005-11-30,2005-Q4,57.546939,46.40882177419355,40.38018427419355,7.688784087102178,
2005-12-01,2005-Q4,59.412245,7.201484242424242,40.38018427419355,7.688784087102178,
2005-12-02,2005-Q4,62.110204,7.528509575757576,40.38018427419355,7.688784087102178,
2005-12-05,2005-Q4,60.669388,7.353865212121212,40.38018427419355,7.688784087102178,
2005-12-06,2005-Q4,59.714286,7.238095272727273,40.38018427419355,7.688784087102178,
2005-12-07,2005-Q4,59.567347,7.220284484848484,40.38018427419355,7.688784087102178,
2005-12-08,2005-Q4,60.444898,7.326654303030303,40.38018427419355,7.688784087102178,
2005-12-09,2005-Q4,61.097959,7.405813212121212,40.38018427419355,7.688784087102178,
2005-12-12,2005-Q4,59.938776,7.265306181818182,40.38018427419355,7.688784087102178,
2005-12-13,2005-Q4,61.791837,7.489919636363637,40.38018427419355,7.688784087102178,
2005-12-14,2005-Q4,60.285714,7.307359272727273,40.38018427419355,7.688784087102178,
2005-12-15,2005-Q4,60.934694,7.386023515151515,40.38018427419355,7.688784087102178,
2005-12-16,2005-Q4,60.726531,7.360791636363636,40.38018427419355,7.688784087102178,
2005-12-19,2005-Q4,61.391837,7.441434787878788,40.38018427419355,7.688784087102178,
2005-12-20,2005-Q4,62.130612,7.530983272727273,40.38018427419355,7.688784087102178,
2005-12-21,2005-Q4,62.428571,7.567099515151515,40.38018427419355,7.688784087102178,
2005-12-22,2005-Q4,62.130612,7.530983272727273,40.38018427419355,7.688784087102178,
2005-12-23,2005-Q4,61.685714,7.477056242424242,40.38018427419355,7.688784087102178,
2005-12-26,2005-Q4,60.293878,7.308348848484848,40.38018427419355,7.688784087102178,
2005-12-27,2005-Q4,61.163265,7.413729090909091,40.38018427419355,7.688784087102178,
2005-12-28,2005-Q4,62.04898,7.521088484848485,40.38018427419355,7.688784087102178,
2005-12-29,2005-Q4,61.922449,7.505751393939394,40.38018427419355,7.688784087102178,
2005-12-30,2005-Q4,62.093878,7.526530666666666,40.38018427419355,7.688784087102178,
2006-01-02,2006-Q1,61.726531,7.482003757575757,40.38018427419355,7.688784087102178,
2006-01-03,2006-Q1,62.77551,7.609152727272727,40.38018427419355,7.698535995127152,
2006-01-04,2006-Q1,62.579592,7.585405090909091,40.38018427419355,7.698535995127152,
2006-01-05,2006-Q1,61.791837,7.489919636363637,40.20737298387097,7.698535995127152,
2006-01-06,2006-Q1,62.742857,7.605194787878788,40.087228225806456,7.698535995127152,
2006-01-09,2006-Q1,63.881633,7.743228242424243,40.087228225806456,7.76557375270291,
2006-01-10,2006-Q1,64.579592,7.827829333333334,40.087228225806456,7.787919262981576,
2006-01-11,2006-Q1,64.579592,7.827829333333334,40.087228225806456,7.7995419597989954,
2006-01-12,2006-Q1,62.906122,7.624984484848485,40.087228225806456,7.7995419597989954,
2006-01-13,2006-Q1,67.244898,8.150896727272729,40.087228225806456,7.819496994974875,
2006-01-16,2006-Q1,65.971429,7.996536848484848,40.087228225806456,7.827829333333334,
2006-01-17,2006-Q1,65.506122,7.940136000000001,40.087228225806456,7.833512656616415,
2006-01-18,2006-Q1,65.759184,7.970810181818182,40.087228225806456,7.841247068676717,
2006-01-19,2006-Q1,66.979592,8.118738424242423,40.087228225806456,7.872013149078727,
2006-01-20,2006-Q1,68.436735,8.295361818181817,40.00658306451613,7.912350837520938,
2006-01-23,2006-Q1,67.959184,8.237476848484848,40.00658306451613,7.929101256281408,
2006-01-24,2006-Q1,68.302041,8.279035272727272,40.00658306451613,7.937182489112228,
2006-01-25,2006-Q1,68.979592,8.361162666666667,40.00658306451613,7.955473090909091,
2006-01-26,2006-Q1,68.979592,8.361162666666667,40.00658306451613,7.983673515151515,
2006-01-27,2006-Q1,75.167347,9.111193575757577,40.00658306451613,8.001276631947617,
2006-01-30,2006-Q1,71.853061,8.70946193939394,40.00658306451613,8.024134254606366,
2006-01-31,2006-Q1,73.987755,8.968212727272729,39.91606290322581,8.048063484087102,
2006-02-01,2006-Q1,76.55102,9.278911515151515,24.5522271285435,8.063788358458961,
2006-02-02,2006-Q1,76.261224,9.243784727272727,9.26134812121212,8.087717504187605,
2006-02-03,2006-Q1,74.191837,8.99294993939394,9.177489151515152,8.102416834170855,
2006-02-06,2006-Q1,76.485714,9.270995636363637,9.177489151515152,8.110919463377492,
2006-02-07,2006-Q1,74.632653,9.046382181818185,9.078787878787882,8.134817575757577,
2006-02-08,2006-Q1,75.485714,9.149783515151515,9.078787878787882,8.161524996802193,
2006-02-09,2006-Q1,75.485714,9.149783515151515,9.078787878787882,8.204815057408254,
2006-02-10,2006-Q1,74.4,9.01818181818182,9.032282000000002,8.25825606060606,
2006-02-13,2006-Q1,74.289796,9.004823757575757,9.011502787878788,8.287198545454544,
2006-02-14,2006-Q1,74.967347,9.086951151515152,9.011502787878788,8.328262242424241,
2006-02-15,2006-Q1,72.877551,8.833642545454545,8.998886848484847,8.361162666666667,
2006-02-16,2006-Q1,73.073469,8.857390181818182,8.980581333333333,8.39416625795645,
2006-02-17,2006-Q1,71.714286,8.692640727272728,8.912801454545455,8.43024648241206,
2006-02-20,2006-Q1,70.689796,8.568460121212121,8.845516363636364,8.454859380234506,
2006-02-21,2006-Q1,73.195918,8.872232484848485,8.845516363636364,8.50579430485762,
2006-02-22,2006-Q1,77.661224,9.413481696969695,8.845516363636364,8.53519296482412,
2006-02-23,2006-Q1,73.702041,8.933580727272727,8.845516363636364,8.53656038525963,
2006-02-24,2006-Q1,73.053061,8.854916484848484,8.844279515151515,8.548866834170855,
2006-02-27,2006-Q1,73.004082,8.848979636363635,8.841311090909091,8.564132991929345,
2006-02-28,2006-Q1,72.853061,8.83067406060606,8.832158303030303,8.620195638495508,
2006-03-01,2006-Q1,77.644898,50.748299346405226,8.832158303030303,8.672614824120604,
2006-03-02,2006-Q1,77.959184,50.95371503267973,8.832158303030303,8.68296960986752,
2006-03-03,2006-Q1,77.865306,50.892356862745096,8.832158303030303,8.701051333333334,
2006-03-06,2006-Q1,81.546939,53.298652941176464,8.832158303030303,8.770068,
2006-03-07,2006-Q1,82.330612,53.81085751633987,8.832158303030303,8.832158303030303,
2006-03-08,2006-Q1,86.881633,56.78538104575163,8.832158303030303,8.841311090909091,
2006-03-09,2006-Q1,83.261224,54.41910065359477,8.832158303030303,8.851948060606059,
2006-03-10,2006-Q1,89.02449,58.185941176470585,8.832158303030303,8.856153333333333,
2006-03-13,2006-Q1,86.24898,56.37188235294118,8.832158303030303,8.864811333333334,
2006-03-14,2006-Q1,84.591837,55.288782352941176,8.832158303030303,8.902906606060606,
2006-03-15,2006-Q1,84.591837,55.288782352941176,8.832158303030303,8.950896727272728,
2006-03-16,2006-Q1,83.755102,54.74189673202614,8.832158303030303,8.980581333333333,
2006-03-17,2006-Q1,85.138776,55.64625882352941,8.832158303030303,8.998886848484847,
2006-03-20,2006-Q1,84.726531,55.37681764705882,8.832158303030303,9.011502787878788,
2006-03-21,2006-Q1,83.783673,54.76057058823529,8.832158303030303,9.032282000000002,
2006-03-22,2006-Q1,84.816327,55.43550784313725,8.832158303030303,9.066666666666668,
2006-03-23,2006-Q1,84.914286,55.49953333333333,8.832158303030303,9.099072363636363,
2006-03-24,2006-Q1,85.526531,55.89969346405229,8.832158303030303,9.130488545454549,
2006-03-27,2006-Q1,84.963265,55.53154575163399,8.832158303030303,9.149783515151515,
2006-03-28,2006-Q1,84.853061,55.45951699346405,8.832158303030303,9.196784121212122,
2006-03-29,2006-Q1,85.967347,56.187808496732025,8.832158303030303,9.25739018181818,
2006-03-30,2006-Q1,84.640816,55.32079477124183,8.832158303030303,9.274953575757577,
2006-03-31,2006-Q1,85.710204,56.01974117647059,8.832158303030303,9.346196606060603,
2006-04-03,2006-Q2,89.861224,58.73282614379085,8.832158303030303,23.77356100977517,
2006-04-04,2006-Q2,90.42449,59.10097385620915,8.832158303030303,38.26859758064517,
2006-04-05,2006-Q2,92.971429,60.765639869281046,8.832158303030303,38.44634637096775,
2006-04-06,2006-Q2,92.971429,60.765639869281046,8.841311090909091,38.54509556451613,
2006-04-07,2006-Q2,96.220408,62.88915555555556,8.851948060606059,38.7030939516129,
2006-04-10,2006-Q2,93.746939,61.2725091503268,8.856153333333333,38.90552983870968,
2006-04-11,2006-Q2,93.746939,61.2725091503268,8.864811333333334,39.00757096774194,
2006-04-12,2006-Q2,92.15102,60.22942483660131,8.902906606060606,39.0108625,
2006-04-13,2006-Q2,91.253061,59.64252352941177,8.950896727272728,39.21823548387097,
2006-04-14,2006-Q2,91.253061,59.64252352941177,8.980581333333333,39.455233467741934,
2006-04-17,2006-Q2,88.612245,57.9165,8.998886848484847,39.62969032258064,
2006-04-18,2006-Q2,88.616327,57.91916797385621,9.011502787878788,39.79920967741936,
2006-04-19,2006-Q2,88.220408,57.66039738562092,9.032282000000002,39.88643830645162,
2006-04-20,2006-Q2,87.261224,57.03347973856209,9.066666666666668,39.94897983870968,
2006-04-21,2006-Q2,86.122449,56.289182352941175,9.099072363636363,39.95062580645161,
2006-04-24,2006-Q2,87.04898,56.89475816993464,9.130488545454549,39.97695887096774,
2006-04-25,2006-Q2,84.893878,55.48619477124183,9.149783515151515,40.0049375,
2006-04-26,2006-Q2,85.926531,56.161131372549015,9.196784121212122,40.00658306451613,
2006-04-27,2006-Q2,86.542857,56.56395882352941,9.25739018181818,40.00658306451613,
2006-04-28,2006-Q2,86.746939,56.69734575163398,9.274953575757577,40.087228225806456,
2006-04-29,2006-Q2,87.093878,56.924103267973855,9.346196606060603,40.20737298387097,
2006-05-01,2006-Q2,87.093878,56.924103267973855,30.08089052168746,40.38018427419355,
2006-05-02,2006-Q2,89.453061,58.46605294117647,50.82032810457516,40.54476653225807,
2006-05-03,2006-Q2,91.673469,59.9173,50.923035947712414,40.59578669354839,
2006-05-04,2006-Q2,91.738776,59.95998431372549,52.1261839869281,40.62541129032258,
2006-05-05,2006-Q2,92.75102,60.6215816993464,53.55475522875817,40.64680725806452,
2006-05-08,2006-Q2,96.628571,63.15592875816993,54.11497908496732,40.68959879032258,
2006-05-09,2006-Q2,97.685714,63.84687189542484,54.58049869281045,40.76201451612903,
2006-05-10,2006-Q2,96.277551,62.92650392156863,54.75123366013072,40.76201451612903,
2006-05-11,2006-Q2,93.832653,61.328531372549016,55.02467647058823,40.76201451612903,
2006-05-12,2006-Q2,92.436735,60.41616666666666,55.288782352941176,40.84265967741935,
2006-05-15,2006-Q2,92.991837,60.77897843137255,55.3047885620915,41.01547096774193,
2006-05-16,2006-Q2,92.383673,60.38148562091503,55.348806209150325,41.176761290322574,
2006-05-17,2006-Q2,97.620408,63.80418823529411,55.40616274509804,41.25905201612903,
2006-05-18,2006-Q2,89.142857,58.26330522875817,55.44751241830065,41.33146774193549,
2006-05-19,2006-Q2,86.885714,56.788048366013065,55.47285588235294,41.367675806451615,
2006-05-22,2006-Q2,82.334694,53.81352549019608,55.47285588235294,41.67379838709678,
2006-05-23,2006-Q2,84.681633,55.34747254901961,55.47285588235294,41.9930875,7.827829333333334
2006-05-24,2006-Q2,81.110204,53.01320522875817,55.47285588235294,42.09348266129032,7.827829333333334
2006-05-25,2006-Q2,85.085714,55.611577777777775,55.49286405228758,42.19223185483871,7.839195979899498
2006-05-26,2006-Q2,82.02449,53.61077777777778,55.49286405228758,42.22350241935485,7.843298157453936
2006-05-29,2006-Q2,82.918367,54.19501111111112,55.49286405228758,42.26958548387097,7.900728140703518
2006-05-30,2006-Q2,85.461224,55.8570091503268,55.51553954248367,42.41770927419356,7.923973534338359
2006-05-31,2006-Q2,82.812245,54.12565032679738,55.51553954248367,42.59381169354839,7.934228978224456
2006-06-01,2006-Q2,81.730612,82.55617373737373,55.57156176470588,42.692560887096775,7.940136000000001
2006-06-02,2006-Q2,81.485714,82.30880202020202,55.6289183006536,42.853851209677416,7.970810181818182
2006-06-05,2006-Q2,82.595918,83.4302202020202,55.751633986928105,42.853851209677416,7.996536848484848
2006-06-06,2006-Q2,77.628571,78.41269797979797,55.87835130718955,43.12047379032258,8.006016415410386
2006-06-07,2006-Q2,73.077551,73.81570808080808,55.95971732026144,43.12047379032258,8.042252093802345
2006-06-08,2006-Q2,66.693878,67.36755353535354,56.0904362745098,43.34430524193548,8.053874874371859
2006-06-09,2006-Q2,71.697959,72.42218080808081,56.17446993464052,43.4891375,8.073701842546065
2006-06-12,2006-Q2,70.412245,71.1234797979798,56.2384954248366,43.72448991935484,8.101733165829147
2006-06-13,2006-Q2,67.22449,67.90352525252526,56.33053235294118,43.97136290322581,8.103100502512563
2006-06-14,2006-Q2,64.236735,64.88559090909091,56.467920588235295,44.03555,8.118738424242423
2006-06-15,2006-Q2,64.265306,64.9144505050505,56.6306522875817,44.098091129032255,8.150896727272729
2006-06-16,2006-Q2,68.408163,69.09915454545455,56.741363398692805,44.098091129032255,8.172153266331659
2006-06-19,2006-Q2,67.702041,68.38589999999999,56.786714705882346,44.098091129032255,8.237476848484848
2006-06-20,2006-Q2,65.955102,66.62131515151515,56.84140326797385,44.16886129032258,8.279035272727272
2006-06-21,2006-Q2,69.032653,69.72995252525253,56.90943071895425,44.23633991935483,8.295361818181817
2006-06-22,2006-Q2,70.738776,71.45330909090909,56.924103267973855,44.39598427419355,8.361162666666667
2006-06-23,2006-Q2,70.946939,71.66357474747475,56.97879150326797,44.66096088709678,8.361162666666667
2006-06-25,2006-Q2,70.832653,71.54813434343434,57.34693856209151,44.92758387096774,8.427169849246232
2006-06-26,2006-Q2,67.673469,68.35703939393939,57.78844869281046,45.719223387096775,8.43332311557789
2006-06-27,2006-Q2,68.702041,69.396001010101,57.9178339869281,46.935483870967744,8.476395644891122
2006-06-28,2006-Q2,69.314286,70.0144303030303,58.0525545751634,47.48025,8.53519296482412
2006-06-29,2006-Q2,69.453061,70.15460707070707,58.22462320261438,48.94502943548388,8.53519296482412
2006-06-30,2006-Q2,71.440816,72.1624404040404,58.36467908496732,50.57000209255745,8.537927805695142
2006-07-03,2006-Q3,71.208163,71.92743737373738,58.59943954248367,50.82032810457516,8.559805862646567
2006-07-04,2006-Q3,70.542857,71.25541111111112,58.9169,50.923035947712414,8.568460121212121
2006-07-05,2006-Q3,72.236735,72.96639898989899,59.371748692810456,51.98346013071895,8.671931155778895
2006-07-06,2006-Q3,72.857143,73.59307373737373,59.64252352941177,53.15592908496731,8.673298492462312
2006-07-07,2006-Q3,72.897959,73.63430202020201,59.779911764705886,53.45471535947712,8.692640727272728
2006-07-10,2006-Q3,73.334694,74.07544848484848,59.93864215686274,53.710817647058825,8.70946193939394
2006-07-11,2006-Q3,74.967347,75.72459292929294,60.094704575163405,53.812191503267975,8.83067406060606
2006-07-12,2006-Q3,77.379592,78.16120404040404,60.30545522875817,53.96958790849673,8.833642545454545
2006-07-13,2006-Q3,75.991837,76.75943131313132,60.39882614379084,54.16033071895425,8.848979636363635
2006-07-14,2006-Q3,74.040816,74.78870303030304,60.51887418300653,54.30705588235294,8.854916484848484
2006-07-17,2006-Q3,74.444898,75.19686666666666,60.69361078431372,54.58049869281045,8.857390181818182
2006-07-18,2006-Q3,73.57551,74.31869696969696,60.765639869281046,54.75123366013072,8.872232484848485
2006-07-19,2006-Q3,70.0,70.70707070707071,60.7723091503268,55.02467647058823,8.933580727272727
2006-07-20,2006-Q3,71.506122,72.22840606060606,61.02574379084968,55.288782352941176,8.968212727272729
2006-07-21,2006-Q3,71.008163,71.72541717171717,61.2725091503268,55.3047885620915,8.99294993939394
2006-07-24,2006-Q3,69.289796,69.98969292929293,61.30052026143791,55.33413366013072,9.004823757575757
2006-07-25,2006-Q3,73.322449,74.06307979797981,62.108843464052285,55.36214509803922,9.01818181818182
2006-07-26,2006-Q3,75.902041,76.66872828282828,62.9078297385621,55.40616274509804,9.046382181818185
2006-07-27,2006-Q3,78.42449,79.21665656565658,63.04121633986928,55.44751241830065,9.086951151515152
2006-07-28,2006-Q3,78.216327,79.00639090909091,63.48005849673202,55.47285588235294,9.111193575757577
2006-07-31,2006-Q3,81.559184,82.38301414141415,63.82553006535947,55.49286405228758,9.149783515151515
2006-08-01,2006-Q3,80.914286,81.73160202020202,64.36623140225788,55.51553954248367,9.149783515151515
2006-08-02,2006-Q3,81.697959,82.52319090909091,64.9000207070707,55.57156176470588,9.243784727272727
2006-08-03,2006-Q3,83.314286,84.15584444444444,65.76788282828282,55.6289183006536,9.270995636363637
2006-08-04,2006-Q3,82.457143,83.29004343434343,66.99443434343434,55.751633986928105,9.278911515151515
2006-08-07,2006-Q3,82.902041,83.73943535353536,67.6355393939394,55.87835130718955,9.413481696969695
2006-08-08,2006-Q3,84.106122,84.95567878787878,68.13028232323232,55.95971732026144,38.133640322580646
2006-08-09,2006-Q3,84.873469,85.73077676767677,68.37146969696968,56.0904362745098,38.40355483870968
2006-08-10,2006-Q3,89.285714,90.1875898989899,68.74252727272727,56.17446993464052,38.48913790322581
2006-08-11,2006-Q3,90.489796,91.40383434343434,69.24757777777778,56.2384954248366,38.601053225806446
2006-08-14,2006-Q3,90.734694,91.65120606060609,69.56297676767676,56.33053235294118,38.80513467741935
2006-08-15,2006-Q3,90.734694,91.65120606060609,69.85982272727273,56.467920588235295,39.005925000000005
2006-08-16,2006-Q3,89.55102,90.45557575757576,70.00206161616161,56.6306522875817,39.00921693548387
2006-08-17,2006-Q3,87.877551,88.76520303030303,70.08451868686868,56.741363398692805,39.012508064516126
2006-08-18,2006-Q3,85.714286,86.58008686868688,70.4308388888889,56.786714705882346,39.42396290322581
2006-08-21,2006-Q3,85.367347,86.22964343434343,70.91527525252525,56.84140326797385,39.48650403225806
2006-08-22,2006-Q3,83.326531,84.16821313131314,71.18944545454545,56.90943071895425,39.772876612903225
2006-08-23,2006-Q3,83.714286,84.55988484848486,71.3543601010101,56.924103267973855,39.825542741935486
2006-08-24,2006-Q3,84.571429,85.42568585858585,71.50072171717171,56.97879150326797,39.94733387096775
2006-08-25,2006-Q3,85.469388,86.33271515151515,71.60585454545455,57.34693856209151,39.95062580645161
2006-08-28,2006-Q3,85.102041,85.96165757575757,71.69449595959597,57.78844869281046,39.95062580645161
2006-08-29,2006-Q3,86.857143,87.73448787878787,71.82642727272727,57.9178339869281,40.00329193548387
2006-08-30,2006-Q3,86.938776,87.81694545454546,72.04493888888888,58.0525545751634,40.00658306451613
2006-08-31,2006-Q3,85.367347,86.22964343434343,72.19542323232324,58.22462320261438,40.00658306451613
2006-09-01,2006-Q3,85.673469,77.18330540540539,72.32529343434344,58.36467908496732,40.00658306451613
2006-09-04,2006-Q3,86.163265,77.62456306306305,72.6942898989899,58.59943954248367,40.167873387096776
2006-09-05,2006-Q3,88.22449,79.48152252252252,73.27973636363636,58.9169,40.24687258064517
2006-09-06,2006-Q3,92.877551,83.67346936936936,73.61368787878787,59.371748692810456,40.51349596774194
2006-09-07,2006-Q3,91.061224,82.03713873873873,73.72500505050505,59.64252352941177,40.57603709677419
2006-09-08,2006-Q3,91.653061,82.57032522522522,73.93939393939394,59.779911764705886,40.61553629032258
2006-09-11,2006-Q3,88.816327,80.014709009009,74.06926414141415,59.93864215686274,40.63528629032258
2006-09-12,2006-Q3,89.714286,80.82368108108108,74.19707272727271,60.094704575163405,40.65832822580646
2006-09-13,2006-Q3,90.673469,81.6878099099099,74.55369999999999,60.30545522875817,40.72086935483871
2006-09-14,2006-Q3,89.816327,80.9156099099099,74.99278484848486,60.39882614379084,40.80315967741935
2006-09-15,2006-Q3,90.020408,81.09946666666666,75.46072979797981,60.51887418300653,40.816326612903225
2006-09-18,2006-Q3,90.857143,81.85328198198197,76.19666060606062,60.69361078431372,40.88215967741935
2006-09-19,2006-Q3,90.959184,81.94521081081079,76.71407979797979,60.765639869281046,41.148782258064514
2006-09-20,2006-Q3,90.081633,81.15462432432432,76.97136835926835,60.7723091503268,41.20474032258064
2006-09-21,2006-Q3,92.612245,83.43445495495494,77.40393423423421,61.02574379084968,41.31336370967742
2006-09-22,2006-Q3,93.979592,84.66629909909909,77.89288355173355,61.2725091503268,41.34957177419355
2006-09-25,2006-Q3,94.755102,85.36495675675674,78.286951010101,61.30052026143791,41.38577983870968
2006-09-26,2006-Q3,96.591837,87.01967297297297,78.70954444444445,62.108843464052285,41.40223870967742
2006-09-27,2006-Q3,101.734694,91.65287747747747,79.11152373737374,62.9078297385621,41.961816935483874
2006-09-28,2006-Q3,98.0,88.28828828828829,79.34908954408955,63.04121633986928,42.02435806451613
2006-09-29,2006-Q3,100.571429,90.60489099099098,79.74811576576576,63.48005849673202,42.16260725806452
2006-10-02,2006-Q4,100.571429,90.60489099099098,80.41919504504503,63.82553006535947,42.22185645161291
2006-10-03,2006-Q4,98.244898,88.50891711711712,80.86964549549549,64.36623140225788,42.22514838709677
2006-10-04,2006-Q4,103.244898,93.01342162162162,80.86964549549549,64.9000207070707,42.314022580645165
2006-10-05,2006-Q4,104.265306,93.9327081081081,80.86964549549549,65.76788282828282,42.52139596774194
2006-10-06,2006-Q4,105.755102,95.27486666666664,80.86964549549549,66.99443434343434,42.66622741935484
2006-10-09,2006-Q4,106.693878,96.1206108108108,81.00753828828829,67.6355393939394,42.71889435483871
2006-10-10,2006-Q4,105.938776,95.44033873873872,81.12704549549548,68.13028232323232,42.98880806451613
2006-10-11,2006-Q4,105.244898,94.81522342342342,81.42121711711711,68.37146969696968,43.25213951612903
2006-10-12,2006-Q4,101.816327,91.72642072072072,81.70970596505596,68.74252727272727,43.43647096774193
2006-10-13,2006-Q4,103.061224,92.84794954954954,81.79244200109198,69.24757777777778,43.541804032258064
2006-10-16,2006-Q4,97.918367,88.21474504504503,81.89924639639638,69.56297676767676,43.65371935483871
2006-10-17,2006-Q4,96.959184,87.3506162162162,81.99117477477476,69.85982272727273,43.90717580645161
2006-10-18,2006-Q4,93.102041,83.8757126126126,82.21007644007645,70.00206161616161,44.03555
2006-10-19,2006-Q4,92.040816,82.91965405405405,82.45310252525253,70.08451868686868,44.03555
2006-10-20,2006-Q4,94.673469,85.2914135135135,82.54675806715807,70.4308388888889,44.16063225806452
2006-10-21,2006-Q4,96.510204,86.94612972972972,82.74498963963964,70.91527525252525,44.177090322580646
2006-10-23,2006-Q4,95.44898,85.99007207207207,83.10484874419873,71.18944545454545,44.29558951612903
2006-10-24,2006-Q4,95.44898,85.99007207207207,83.3622491946492,71.3543601010101,44.49637903225807
2006-10-25,2006-Q4,95.44898,85.99007207207207,83.55396216216215,71.50072171717171,44.8156685483871
2006-10-26,2006-Q4,96.061224,86.54164324324323,83.70645236145236,71.60585454545455,44.8156685483871
2006-10-27,2006-Q4,100.510204,90.54973333333332,83.80757398307398,71.69449595959597,44.82554274193548
2006-10-30,2006-Q4,98.408163,88.6560027027027,84.01577852852853,71.82642727272727,45.029625
2006-10-31,2006-Q4,97.510204,87.84703063063063,84.1620287878788,72.04493888888888,45.11191612903226
2006-11-01,2006-Q4,94.938776,85.53042882882883,84.364048989899,72.19542323232324,46.40882177419355
2006-11-02,2006-Q4,96.979592,87.36900180180179,84.61309197379197,72.32529343434344,47.46214596774193
2006-11-03,2006-Q4,97.367347,87.71833063063062,84.81098894348894,72.6942898989899,47.498354032258064
2006-11-06,2006-Q4,101.653061,91.57933423423422,85.12354615069614,73.27973636363636,50.39170483870968
2006-11-07,2006-Q4,107.408163,96.7641108108108,85.32818513513513,73.61368787878787,50.748299346405226
2006-11-08,2006-Q4,103.44898,93.19727927927929,85.3953213076713,73.72500505050505,50.892356862745096
2006-11-09,2006-Q4,103.693878,93.4179081081081,85.47805734370735,73.93939393939394,50.95371503267973
2006-11-10,2006-Q4,102.489796,92.33314954954956,85.6306027982528,74.06926414141415,53.01320522875817
2006-11-13,2006-Q4,106.816327,96.23092522522522,85.84621717171717,74.19707272727271,53.298652941176464
2006-11-14,2006-Q4,107.061224,96.45155315315314,85.97586482391482,74.55369999999999,53.61077777777778
2006-11-15,2006-Q4,104.55102,94.19010810810808,85.99007207207207,74.99278484848486,53.81085751633987
2006-11-16,2006-Q4,104.265306,93.9327081081081,85.99007207207207,75.46072979797981,53.81352549019608
2006-11-17,2006-Q4,104.183673,93.85916486486484,86.10985775320775,76.19666060606062,54.12565032679738
2006-11-20,2006-Q4,104.55102,94.19010810810808,86.22964343434343,76.71407979797979,54.19501111111112
2006-11-21,2006-Q4,108.061224,97.35245405405404,86.2811792929293,76.97136835926835,54.41910065359477
2006-11-22,2006-Q4,110.183673,99.26457027027026,86.43717919737918,77.40393423423421,54.74189673202614
2006-11-23,2006-Q4,111.204082,100.18385765765764,86.56086505596505,77.89288355173355,54.76057058823529
2006-11-24,2006-Q4,105.408163,94.962309009009,86.7631082992083,78.286951010101,55.288782352941176
2006-11-27,2006-Q4,112.020408,100.91928648648648,86.98290135135134,78.70954444444445,55.288782352941176
2006-11-28,2006-Q4,108.183673,97.46276846846844,87.18514459459459,79.11152373737374,55.32079477124183
2006-11-29,2006-Q4,108.77551,97.99595495495494,87.35980900900898,79.34908954408955,55.34747254901961
2006-11-30,2006-Q4,108.122449,97.40761171171172,87.5436662162162,79.74811576576576,55.37681764705882
2006-12-01,2006-Q4,111.306122,89.76300161290322,87.72640925470924,80.41919504504503,55.43550784313725
2006-12-04,2006-Q4,111.020408,89.5325870967742,87.77571666666667,80.86964549549549,55.45951699346405
2006-12-05,2006-Q4,109.612245,88.39697177419355,87.83198804258805,81.00753828828829,55.48619477124183
2006-12-06,2006-Q4,109.326531,88.16655725806451,88.00679394434758,81.12704549549548,55.49953333333333
2006-12-07,2006-Q4,109.632653,88.41342983870967,88.19065115155477,81.42121711711711,55.53154575163399
2006-12-08,2006-Q4,108.755102,87.70572741935483,88.19065115155477,81.70970596505596,55.611577777777775
2006-12-11,2006-Q4,103.163265,83.1961814516129,88.19065115155477,81.79244200109198,55.64625882352941
2006-12-12,2006-Q4,102.061224,82.30743870967741,88.19065115155477,81.89924639639638,55.8570091503268
2006-12-13,2006-Q4,107.714286,86.86635967741935,88.00679394434758,81.99117477477476,55.89969346405229
2006-12-14,2006-Q4,110.914286,89.44700483870969,88.00679394434758,82.17228872420807,56.01974117647059
2006-12-15,2006-Q4,119.285714,96.1981564516129,88.00679394434758,82.30812036493973,56.161131372549015
2006-12-18,2006-Q4,117.257143,94.5622120967742,88.00679394434758,82.34590808080809,56.187808496732025
2006-12-19,2006-Q4,110.257143,88.91705080645161,88.00679394434758,82.45310252525253,56.289182352941175
2006-12-20,2006-Q4,108.2,87.25806451612904,87.83198804258805,82.53968232323231,56.37188235294118
2006-12-21,2006-Q4,114.0,91.93548387096774,88.00679394434758,82.56324948129947,56.56395882352941
2006-12-22,2006-Q4,117.285714,94.58525322580644,88.19065115155477,82.74498963963964,56.69734575163398
2006-12-25,2006-Q4,117.285714,94.58525322580644,88.25151666666666,83.05791775283348,56.78538104575163
2006-12-26,2006-Q4,116.742857,94.14746532258064,88.34263003124092,83.24311244297817,56.788048366013065
2006-12-27,2006-Q4,117.057143,94.40092177419356,88.4052008064516,83.36013181818181,56.89475816993464
2006-12-28,2006-Q4,116.742857,94.14746532258064,88.4611734779134,83.43233757848756,56.924103267973855
2006-12-29,2006-Q4,119.314286,96.22119838709678,88.58245990990991,83.55396216216215,56.924103267973855
2007-01-01,2007-Q1,119.314286,96.22119838709678,88.78652675457715,83.70645236145236,57.03347973856209
2007-01-02,2007-Q1,124.171429,100.1382491935484,89.18202782258065,83.80757398307398,57.66039738562092
2007-01-03,2007-Q1,123.828571,99.8617508064516,89.48979596774194,84.01577852852853,57.9165
2007-01-04,2007-Q1,130.942857,105.59907822580644,89.64779435483871,84.1620287878788,57.91916797385621
2007-01-05,2007-Q1,127.314286,102.67281129032258,90.15636747311828,84.364048989899,58.185941176470585
2007-01-08,2007-Q1,124.685714,100.55299516129033,90.57731216216214,84.61309197379197,58.26330522875817
2007-01-09,2007-Q1,121.628571,98.0875572580645,90.60489099099098,84.81098894348894,58.46605294117647
2007-01-10,2007-Q1,124.342857,100.27649758064516,91.0921126126126,85.12354615069614,58.73282614379085
2007-01-11,2007-Q1,125.114286,100.8986177419355,91.61610585585584,85.32818513513513,59.10097385620915
2007-01-12,2007-Q1,124.628571,100.5069120967742,91.6896490990991,85.3953213076713,59.64252352941177
2007-01-15,2007-Q1,124.2,100.16129032258064,91.83095229584424,85.47805734370735,59.64252352941177
2007-01-16,2007-Q1,121.485714,97.97235,92.13431671025864,85.6306027982528,59.9173
2007-01-17,2007-Q1,121.114286,97.67281129032258,92.59054954954956,85.84621717171717,59.95998431372549
2007-01-18,2007-Q1,120.485714,97.16589838709676,92.93068558558558,85.97586482391482,60.22942483660131
2007-01-19,2007-Q1,118.4,95.48387096774194,93.10535045045046,85.99007207207207,60.38148562091503
2007-01-22,2007-Q1,117.285714,94.58525322580644,93.30759369369368,85.99007207207207,60.41616666666666
2007-01-23,2007-Q1,118.142857,95.27649758064516,93.63853648648646,86.10985775320775,60.6215816993464
2007-01-24,2007-Q1,120.885714,97.48847903225806,93.89593648648648,86.22964343434343,60.765639869281046
2007-01-25,2007-Q1,122.285714,98.61751129032258,93.9327081081081,86.2811792929293,60.765639869281046
2007-01-26,2007-Q1,122.285714,98.61751129032258,94.04008671534436,86.43717919737918,60.77897843137255
2007-01-29,2007-Q1,117.514286,94.76958548387096,94.14746532258064,86.56086505596505,61.2725091503268
2007-01-30,2007-Q1,117.514286,94.76958548387096,94.16878671534435,86.72322327305312,61.2725091503268
2007-01-31,2007-Q1,111.685714,90.06912419354839,94.16878671534435,86.90624470357454,61.328531372549016
2007-02-01,2007-Q1,113.8,91.77419354838707,94.16878671534435,86.98290135135134,62.88915555555556
2007-02-02,2007-Q1,118.285714,95.39170483870969,94.19010810810808,87.138868744551,62.92650392156863
2007-02-05,2007-Q1,120.942857,97.5345620967742,94.29551494115084,87.30434036617262,63.15592875816993
2007-02-06,2007-Q1,120.0,96.7741935483871,94.48156693548388,87.35980900900898,63.80418823529411
2007-02-07,2007-Q1,116.371429,93.84792661290324,94.48156693548388,87.53736461057831,63.84687189542484
2007-02-08,2007-Q1,116.342857,93.82488467741936,94.29551494115084,87.71202902499272,64.88559090909091
2007-02-09,2007-Q1,117.285714,94.58525322580644,94.29551494115084,87.72640925470924,64.9144505050505
2007-02-12,2007-Q1,114.285714,92.16589838709676,94.19010810810808,87.77571666666667,66.62131515151515
2007-02-13,2007-Q1,116.485714,93.94009193548388,94.16878671534435,87.83198804258805,67.36755353535354
2007-02-14,2007-Q1,113.2,91.29032258064515,94.16878671534435,88.00679394434758,67.90352525252526
2007-02-15,2007-Q1,119.371429,96.2672814516129,94.19010810810808,88.19065115155477,68.35703939393939
2007-02-16,2007-Q1,119.371429,96.2672814516129,94.29551494115084,88.25151666666666,68.38589999999999
2007-02-19,2007-Q1,118.228571,95.34562177419356,94.48156693548388,88.34263003124092,69.09915454545455
2007-02-20,2007-Q1,115.114286,92.83410161290324,94.48156693548388,88.4052008064516,69.396001010101
2007-02-21,2007-Q1,116.942857,94.3087556451613,94.48156693548388,88.4611734779134,69.72995252525253
2007-02-22,2007-Q1,113.828571,91.79723467741935,94.48156693548388,88.58245990990991,69.98969292929293
2007-02-23,2007-Q1,111.942857,90.27649758064516,94.48156693548388,88.71060286650285,70.0144303030303
2007-02-26,2007-Q1,114.228571,92.11981532258064,94.48156693548388,88.84112691837731,70.15460707070707
2007-02-27,2007-Q1,114.2,92.09677419354838,94.48156693548388,89.18202782258065,70.70707070707071
2007-02-28,2007-Q1,112.457143,90.69124435483872,94.48156693548388,89.48979596774194,71.1234797979798
2007-03-01,2007-Q1,114.714286,60.059835602094246,94.48156693548388,89.48979596774194,71.1234797979798
2007-03-02,2007-Q1,114.2,59.79057591623037,94.48156693548388,89.48979596774194,71.1234797979798
2007-03-05,2007-Q1,105.714286,55.34779371727749,94.48156693548388,89.48979596774194,71.1234797979798
2007-03-06,2007-Q1,104.171429,54.54001518324608,94.48156693548388,89.48979596774194,71.1234797979798
2007-03-07,2007-Q1,100.8,52.774869109947645,94.48156693548388,89.48979596774194,71.1234797979798
2007-03-08,2007-Q1,106.8,55.91623036649215,94.48156693548388,89.48979596774194,71.1234797979798
2007-03-09,2007-Q1,107.257143,56.1555722513089,94.48156693548388,89.48979596774194,71.1234797979798
2007-03-12,2007-Q1,111.771429,58.51907277486911,94.48156693548388,89.48979596774194,71.1234797979798
2007-03-13,2007-Q1,107.514286,56.29020209424084,94.35483870967744,89.48979596774194,71.1234797979798
2007-03-14,2007-Q1,102.4,53.612565445026185,94.35483870967744,89.48979596774194,71.1234797979798
2007-03-15,2007-Q1,102.914286,53.88182513089006,94.35483870967744,89.48979596774194,71.1234797979798
2007-03-16,2007-Q1,101.142857,52.954375392670165,94.35483870967744,89.48979596774194,71.1234797979798
2007-03-19,2007-Q1,100.628571,52.68511570680628,94.24943187663467,89.48979596774194,71.1234797979798
2007-03-20,2007-Q1,101.342857,53.059087434554975,94.19010810810808,89.48979596774194,71.1234797979798
2007-03-21,2007-Q1,105.8,55.39267015706806,94.16878671534435,89.48979596774194,71.1234797979798
2007-03-22,2007-Q1,109.485714,57.32236335078535,94.16878671534435,89.48979596774194,71.1234797979798
2007-03-23,2007-Q1,114.971429,60.19446544502618,94.16878671534435,89.48979596774194,71.1234797979798
2007-03-26,2007-Q1,111.628571,58.4442780104712,94.14746532258064,89.48979596774194,71.1234797979798
2007-03-27,2007-Q1,111.628571,58.4442780104712,94.04377862903226,89.48979596774194,71.1234797979798
2007-03-28,2007-Q1,109.314286,57.23261047120419,93.89400927419356,89.48979596774194,71.1234797979798
2007-03-29,2007-Q1,110.857143,58.0403890052356,93.8364056451613,89.48979596774194,71.1234797979798
2007-03-30,2007-Q1,114.028571,59.70082251308901,93.32949314516132,89.48979596774194,71.1234797979798
2007-04-02,2007-Q2,108.971429,57.05310418848168,92.5,89.48979596774194,71.1234797979798
2007-04-03,2007-Q2,105.2,55.07853403141362,92.1428568548387,89.48979596774194,71.1234797979798
2007-04-04,2007-Q2,112.228571,58.75841413612566,92.10829475806452,89.48979596774194,71.1234797979798
2007-04-05,2007-Q2,113.2,59.26701570680628,92.01612903225806,89.48979596774194,71.1234797979798
2007-04-06,2007-Q2,113.2,59.26701570680628,92.01612903225806,89.48979596774194,71.1234797979798
2007-04-09,2007-Q2,115.685714,60.56843664921467,92.01612903225806,89.48979596774194,71.1234797979798
2007-04-10,2007-Q2,119.085714,62.348541361256544,92.01612903225806,89.48979596774194,71.1234797979798
2007-04-11,2007-Q2,118.485714,62.0344052356021,92.01612903225806,89.48979596774194,71.1234797979798
2007-04-12,2007-Q2,115.485714,60.46372460732984,92.01612903225806,89.48979596774194,71.1234797979798
2007-04-13,2007-Q2,115.885714,60.67314869109948,92.01612903225806,89.48979596774194,71.1234797979798
2007-04-16,2007-Q2,122.114286,63.93418115183247,92.01612903225806,89.48979596774194,71.1234797979798
2007-04-17,2007-Q2,121.085714,63.39566178010471,92.01612903225806,89.48979596774194,71.1234797979798
2007-04-18,2007-Q2,120.257143,62.96185497382199,92.01612903225806,89.18202782258065,71.1234797979798
2007-04-19,2007-Q2,120.314286,62.99177277486911,92.01612903225806,88.84112691837731,71.1234797979798
2007-04-20,2007-Q2,122.685714,64.23335811518325,91.86635927419354,88.71060286650285,71.1234797979798
2007-04-23,2007-Q2,121.142857,63.42557958115184,91.7857141129032,88.58245990990991,71.1234797979798
2007-04-24,2007-Q2,121.114286,63.41062094240839,91.7857141129032,88.4611734779134,71.1234797979798
2007-04-25,2007-Q2,120.6,63.1413612565445,91.7857141129032,88.4052008064516,71.1234797979798
2007-04-26,2007-Q2,120.0,62.82722513089006,91.53225806451611,88.4052008064516,71.1234797979798
2007-04-27,2007-Q2,124.0,64.92146596858639,90.99078346774192,88.4052008064516,71.1234797979798
2007-04-30,2007-Q2,125.971429,65.9536277486911,90.48387096774194,88.4052008064516,71.1234797979798
2007-05-01,2007-Q2,125.971429,65.9536277486911,90.17281088709676,88.4052008064516,71.1234797979798
2007-05-02,2007-Q2,125.971429,65.9536277486911,78.01137597111975,88.4052008064516,71.1234797979798
2007-05-03,2007-Q2,127.542857,66.77636492146597,66.36499633507853,88.4052008064516,71.1234797979798
2007-05-04,2007-Q2,126.342857,66.14809267015707,66.05086020942409,88.4052008064516,71.1234797979798
2007-05-07,2007-Q2,127.171429,66.5819,66.05086020942409,88.4052008064516,71.1234797979798
2007-05-08,2007-Q2,128.2,67.12041884816753,66.05086020942409,88.4052008064516,71.1234797979798
2007-05-09,2007-Q2,125.571429,65.74420366492147,65.9536277486911,88.4052008064516,71.1234797979798
2007-05-10,2007-Q2,122.742857,64.26327591623037,65.9536277486911,88.4052008064516,71.1234797979798
2007-05-11,2007-Q2,120.6,63.1413612565445,65.84891570680628,88.4052008064516,71.1234797979798
2007-05-14,2007-Q2,128.971429,67.52430837696335,65.84891570680628,88.4052008064516,71.1234797979798
2007-05-15,2007-Q2,131.0,68.58638743455498,65.84891570680628,88.4052008064516,71.1234797979798
2007-05-16,2007-Q2,128.628571,67.34480157068063,65.84891570680628,88.4052008064516,71.1234797979798
2007-05-17,2007-Q2,129.085714,67.58414345549738,65.84891570680628,88.4052008064516,71.1234797979798
2007-05-18,2007-Q2,128.657143,67.35976073298428,65.84891570680628,88.4052008064516,71.1234797979798
2007-05-21,2007-Q2,126.085714,66.01346282722513,65.84891570680628,88.4052008064516,71.1234797979798
2007-05-22,2007-Q2,124.171429,65.01121937172775,65.37771151832462,88.4052008064516,71.1234797979798
2007-05-23,2007-Q2,126.142857,66.04338062827226,65.37771151832462,88.4052008064516,71.1234797979798
2007-05-24,2007-Q2,127.542857,66.77636492146597,65.37771151832462,88.4052008064516,71.1234797979798
2007-05-25,2007-Q2,129.114286,67.59910261780105,65.37771151832462,88.4052008064516,71.1234797979798
2007-05-28,2007-Q2,137.685714,72.0867612565445,65.37771151832462,88.4052008064516,71.25541111111112
2007-05-29,2007-Q2,143.571429,75.16828743455497,65.37771151832462,88.4052008064516,71.45330909090909
2007-05-30,2007-Q2,134.685714,70.51608062827225,65.37771151832462,88.4052008064516,71.45330909090909
2007-05-31,2007-Q2,140.514286,73.56768900523561,65.37771151832462,88.4052008064516,71.54813434343434
2007-06-01,2007-Q2,142.885714,76.00303936170214,65.37771151832462,88.4052008064516,71.66357474747475
2007-06-04,2007-Q2,142.885714,76.00303936170214,65.37771151832462,88.4052008064516,71.72541717171717
2007-06-05,2007-Q2,147.057143,78.22188457446809,65.37771151832462,88.34263003124092,71.92743737373738
2007-06-06,2007-Q2,144.742857,76.99088138297871,65.37771151832462,88.30585840961929,72.0867612565445
2007-06-07,2007-Q2,139.0,73.93617021276596,65.37771151832462,88.19065115155477,72.1624404040404
2007-06-08,2007-Q2,138.6,73.72340425531915,65.37771151832462,88.00679394434758,72.22840606060606
2007-06-11,2007-Q2,139.828571,74.37689946808511,65.37771151832462,87.78268063063062,72.42218080808081
2007-06-12,2007-Q2,139.942857,74.43768989361703,65.37771151832462,87.71202902499272,72.96639898989899
2007-06-13,2007-Q2,138.342857,73.5866260638298,65.37771151832462,87.53736461057831,73.56768900523561
2007-06-14,2007-Q2,139.771429,74.34650478723405,65.37771151832462,87.35980900900898,73.5866260638298
2007-06-15,2007-Q2,138.457143,73.6474164893617,65.37771151832462,87.30434036617262,73.59307373737373
2007-06-18,2007-Q2,138.342857,73.5866260638298,65.37771151832462,87.10209712292938,73.59307373737373
2007-06-19,2007-Q2,140.742857,74.86322180851063,65.37771151832462,86.90624470357454,73.63430202020201
2007-06-20,2007-Q2,140.114286,74.52887553191489,65.37771151832462,86.70400146033128,73.6474164893617
2007-06-21,2007-Q2,140.371429,74.66565372340426,65.37771151832462,86.26585765765765,73.72340425531915
2007-06-22,2007-Q2,138.771429,73.81458989361703,65.37771151832462,85.99007207207207,73.81458989361703
2007-06-25,2007-Q2,138.4,73.61702127659575,65.37771151832462,85.99007207207207,73.81458989361703
2007-06-26,2007-Q2,144.485714,76.85410319148937,65.37771151832462,85.99007207207207,73.81570808080808
2007-06-27,2007-Q2,141.0,75.0,65.37771151832462,85.99007207207207,73.93617021276596
2007-06-28,2007-Q2,141.514286,75.27355638297873,65.37771151832462,85.99007207207207,74.06307979797981
2007-06-29,2007-Q2,144.8,77.0212765957447,65.37771151832462,85.76025045045046,74.07544848484848
2007-07-02,2007-Q3,149.6,79.57446808510639,65.37771151832462,84.36330514022086,74.31869696969696
2007-07-03,2007-Q3,149.657143,79.60486329787234,65.37771151832462,82.75181008064516,74.34650478723405
2007-07-04,2007-Q3,144.6,76.91489361702128,65.37771151832462,80.95615100377488,74.37689946808511
2007-07-05,2007-Q3,145.085714,77.17325212765958,65.84891570680628,79.58966569148936,74.43768989361703
2007-07-06,2007-Q3,149.714286,79.6352585106383,65.9536277486911,79.58966569148936,74.52887553191489
2007-07-09,2007-Q3,148.914286,79.20972659574468,65.9536277486911,79.39209734042554,74.66565372340426
2007-07-10,2007-Q3,148.2,78.82978723404256,65.98354528795812,79.01975691489362,74.78870303030304
2007-07-11,2007-Q3,146.228571,77.78115478723404,66.0284217277487,78.52583590425533,74.86322180851063
2007-07-12,2007-Q3,148.171429,78.81458989361703,66.09573664921467,78.51823723404256,75.0
2007-07-13,2007-Q3,148.114286,78.78419468085106,66.36499633507853,78.50303962765958,75.16828743455497
2007-07-16,2007-Q3,147.885714,78.66261382978725,66.67913246073299,78.44224920212767,75.19686666666666
2007-07-17,2007-Q3,145.942857,77.62917925531916,66.77636492146597,78.00151968085106,75.27355638297873
2007-07-18,2007-Q3,150.0,79.7872340425532,66.94839188481674,78.00151968085106,75.72459292929294
2007-07-19,2007-Q3,152.542857,81.13981755319149,67.23261020942408,78.00151968085106,76.00303936170214
2007-07-20,2007-Q3,150.485714,80.0455925531915,67.35228115183246,78.00151968085106,76.00303936170214
2007-07-23,2007-Q3,155.085714,82.49240106382979,67.44203455497382,78.00151968085106,76.66872828282828
2007-07-24,2007-Q3,157.228571,83.63221861702128,67.55422591623037,78.00151968085106,76.75943131313132
2007-07-25,2007-Q3,155.971429,82.96352606382979,67.59162303664922,78.00151968085106,76.85410319148937
2007-07-26,2007-Q3,158.171429,84.13373882978723,68.09274502617802,78.00151968085106,76.91489361702128
2007-07-27,2007-Q3,160.971429,85.6231005319149,69.55123403141361,78.00151968085106,76.99088138297871
2007-07-30,2007-Q3,156.142857,83.05471117021277,71.30142094240838,78.00151968085106,77.0212765957447
2007-07-31,2007-Q3,167.657143,89.17933138297872,72.82722513089006,78.00151968085106,77.17325212765958
2007-08-01,2007-Q3,156.571429,83.282675,73.5771575345327,78.00151968085106,77.18330540540539
2007-08-02,2007-Q3,163.857143,87.15805478723405,73.5866260638298,78.00151968085106,77.62456306306305
2007-08-03,2007-Q3,165.857143,88.22188457446809,73.60182367021278,78.00151968085106,77.62917925531916
2007-08-06,2007-Q3,166.057143,88.3282675531915,73.63221888297872,78.00151968085106,77.78115478723404
2007-08-07,2007-Q3,168.314286,89.5288755319149,73.68541037234043,78.00151968085106,78.16120404040404
2007-08-08,2007-Q3,173.485714,92.27963510638298,73.76899707446809,78.00151968085106,78.22188457446809
2007-08-09,2007-Q3,165.542857,88.05471117021277,73.87538005319149,78.00151968085106,78.41269797979797
2007-08-10,2007-Q3,168.457143,89.60486329787234,74.1413375,78.00151968085106,78.66261382978725
2007-08-13,2007-Q3,167.2,88.93617021276596,74.36170212765958,78.00151968085106,78.78419468085106
2007-08-14,2007-Q3,172.0,91.48936170212768,74.40729468085107,78.00151968085106,78.81458989361703
2007-08-15,2007-Q3,172.0,91.48936170212768,74.48328271276597,78.00151968085106,78.82978723404256
2007-08-16,2007-Q3,162.342857,86.35258351063831,74.59726462765957,78.00151968085106,79.00639090909091
2007-08-17,2007-Q3,157.342857,83.6930090425532,74.76443776595744,78.00151968085106,79.20972659574468
2007-08-20,2007-Q3,161.057143,85.66869308510638,74.93161090425531,78.00151968085106,79.21665656565658
2007-08-21,2007-Q3,155.514286,82.72036489361703,75.08414371727748,78.00151968085106,79.48152252252252
2007-08-22,2007-Q3,154.2,82.02127659574468,75.22092190876685,78.00151968085106,79.57446808510639
2007-08-23,2007-Q3,152.285714,81.00303936170214,75.63829787234043,78.00151968085106,79.60486329787234
2007-08-24,2007-Q3,157.114286,83.57142872340425,76.00303936170214,78.00151968085106,79.6352585106383
2007-08-27,2007-Q3,166.6,88.61702127659575,76.42857127659576,78.00151968085106,79.7872340425532
2007-08-28,2007-Q3,173.942857,92.52279627659576,76.88449840425532,78.00151968085106,80.014709009009
2007-08-29,2007-Q3,169.657143,90.24316117021276,76.9528875,78.00151968085106,80.0455925531915
2007-08-30,2007-Q3,170.085714,90.47112446808512,77.0060789893617,78.00151968085106,80.82368108108108
2007-08-31,2007-Q3,174.742857,92.94832819148937,77.09726436170214,78.00151968085106,80.9156099099099
2007-09-03,2007-Q3,178.314286,94.84802446808511,77.40121569148937,78.00151968085106,81.00303936170214
2007-09-04,2007-Q3,178.428571,94.90881436170214,77.7051670212766,78.00151968085106,81.09946666666666
2007-09-05,2007-Q3,175.0,93.08510638297872,78.00151968085106,78.00151968085106,81.13981755319149
2007-09-06,2007-Q3,179.0,95.21276595744682,78.44224920212767,78.00151968085106,81.15462432432432
2007-09-07,2007-Q3,184.914286,98.35866276595743,78.72340425531915,78.00151968085106,81.6878099099099
2007-09-10,2007-Q3,186.8,99.36170212765958,78.79939228723404,78.00151968085106,81.73160202020202
2007-09-11,2007-Q3,183.085714,97.3860180851064,78.8221885638298,78.00151968085106,81.85328198198197
2007-09-12,2007-Q3,178.914286,95.16717340425532,79.01975691489362,78.00151968085106,81.94521081081079
2007-09-13,2007-Q3,179.171429,95.30395159574468,79.39209734042554,78.00151968085106,82.02127659574468
2007-09-14,2007-Q3,176.028571,93.63221861702128,79.58966569148936,78.00151968085106,82.03713873873873
2007-09-17,2007-Q3,177.885714,94.62006063829789,79.62006090425533,78.00151968085106,82.30743870967741
2007-09-18,2007-Q3,177.171429,94.24012180851064,79.71124627659574,78.00151968085106,82.30880202020202
2007-09-19,2007-Q3,180.971429,96.26139840425532,79.91641329787234,78.00151968085106,82.38301414141415
2007-09-20,2007-Q3,184.371429,98.0699090425532,80.52431595744682,78.00151968085106,82.49240106382979
2007-09-21,2007-Q3,185.342857,98.5866260638298,81.07142845744681,78.00151968085106,82.52319090909091
2007-09-24,2007-Q3,191.4,101.80851063829788,81.58054707446809,78.00151968085106,82.55617373737373
2007-09-25,2007-Q3,192.628571,102.46200585106384,82.25683882978723,78.00151968085106,82.57032522522522
2007-09-26,2007-Q3,191.771429,102.00607925531916,82.60638297872342,78.00151968085106,82.72036489361703
2007-09-27,2007-Q3,189.685714,100.89665638297872,82.8419454787234,78.00151968085106,82.91965405405405
2007-09-28,2007-Q3,191.228571,101.717325,83.00911861702127,78.00151968085106,82.96352606382979
2007-10-01,2007-Q4,198.085714,105.3647414893617,83.16869308510638,78.00151968085106,83.05471117021277
2007-10-02,2007-Q4,198.085714,105.3647414893617,83.42705186170213,78.00151968085106,83.1961814516129
2007-10-03,2007-Q4,196.428571,104.48328244680852,83.60182367021277,78.00151968085106,83.282675
2007-10-04,2007-Q4,190.942857,101.56534946808512,83.66261382978723,78.00151968085106,83.29004343434343
2007-10-05,2007-Q4,195.114286,103.78419468085109,83.91337393617022,78.00151968085106,83.4302202020202
2007-10-08,2007-Q4,187.514286,99.74164148936173,84.87841968085107,78.00151968085106,83.43445495495494
2007-10-09,2007-Q4,190.485714,101.32218829787234,85.64589680851064,78.00151968085106,83.57142872340425
2007-10-10,2007-Q4,190.657143,101.41337393617022,86.01063829787235,78.00151968085106,83.63221861702128
2007-10-11,2007-Q4,196.542857,104.54407287234044,86.75531914893618,78.00151968085106,83.67346936936936
2007-10-12,2007-Q4,198.514286,105.59270531914896,87.60638297872342,78.00151968085106,83.6930090425532
2007-10-15,2007-Q4,205.857143,109.49848031914895,88.13829787234043,78.00151968085106,83.73943535353536
2007-10-16,2007-Q4,206.228571,109.69604840425532,88.2750760638298,78.00151968085106,83.8757126126126
2007-10-17,2007-Q4,208.685714,111.00303936170212,88.47264441489362,78.00151968085106,84.13373882978723
2007-10-18,2007-Q4,194.057143,103.22188457446808,88.77659574468086,78.00151968085106,84.15584444444444
2007-10-19,2007-Q4,187.342857,99.65045585106384,89.05775079787233,78.00151968085106,84.16821313131314
2007-10-22,2007-Q4,189.171429,100.6231005319149,89.35410345744681,78.00151968085106,84.55988484848486
2007-10-23,2007-Q4,208.914286,111.12462021276596,89.56686941489363,78.00151968085106,84.66629909909909
2007-10-24,2007-Q4,215.171429,114.45288776595744,89.92401223404255,78.00151968085106,84.95567878787878
2007-10-25,2007-Q4,222.885714,118.55623085106384,90.35714281914896,78.00151968085106,85.2914135135135
2007-10-26,2007-Q4,239.485714,127.3860180851064,90.9802430851064,78.00151968085106,85.36495675675674
2007-10-29,2007-Q4,239.228571,127.24923989361702,91.48936170212768,78.00151968085106,85.42568585858585
2007-10-30,2007-Q4,231.885714,123.34346489361704,91.88449840425534,78.00151968085106,85.53042882882883
2007-10-31,2007-Q4,232.4,123.61702127659576,92.40121569148936,78.00151968085106,85.6231005319149
2007-11-01,2007-Q4,236.914286,126.01823723404256,92.73556223404256,78.00151968085106,85.66869308510638
2007-11-02,2007-Q4,234.114286,124.52887553191488,93.01671728723404,78.00151968085106,85.73077676767677
2007-11-05,2007-Q4,246.485714,131.10942234042554,93.3586625,78.00151968085106,85.96165757575757
2007-11-06,2007-Q4,242.714286,129.10334361702127,93.93617021276596,78.00151968085106,85.99007207207207
2007-11-07,2007-Q4,233.2,124.04255319148936,94.43009122340426,78.00151968085106,85.99007207207207
2007-11-08,2007-Q4,231.371429,123.0699090425532,94.7340425531915,78.44224920212767,85.99007207207207
2007-11-09,2007-Q4,232.485714,123.66261382978723,94.87841941489364,78.72340425531915,86.22964343434343
2007-11-12,2007-Q4,232.114286,123.46504574468084,95.03799388297872,78.79939228723404,86.22964343434343
2007-11-13,2007-Q4,240.485714,127.9179329787234,95.18996968085108,78.8221885638298,86.33271515151515
2007-11-14,2007-Q4,245.657143,130.66869308510638,95.25835877659574,79.01975691489362,86.35258351063831
2007-11-15,2007-Q4,243.228571,129.3768994680851,95.782675,79.39209734042554,86.54164324324323
2007-11-16,2007-Q4,239.228571,127.24923989361702,96.82370824468086,79.58966569148936,86.58008686868688
2007-11-19,2007-Q4,251.628571,133.8449845744681,97.7279635638298,79.62006090425533,86.86635967741935
2007-11-20,2007-Q4,243.628571,129.5896654255319,98.21428590425532,79.71124627659574,86.94612972972972
2007-11-21,2007-Q4,233.6,124.25531914893618,98.4726444148936,79.91641329787234,87.01967297297297
2007-11-22,2007-Q4,227.685714,121.10942234042554,98.9741640957447,80.52431595744682,87.15805478723405
2007-11-23,2007-Q4,228.942857,121.77811542553192,99.50607898936173,81.07142845744681,87.25806451612904
2007-11-26,2007-Q4,248.0,131.91489361702128,99.69604867021278,81.58054707446809,87.3506162162162
2007-11-27,2007-Q4,240.428571,127.88753776595746,100.18237101063832,82.25683882978723,87.36900180180179
2007-11-28,2007-Q4,234.057143,124.49848031914894,100.7598784574468,82.60638297872342,87.70572741935483
2007-11-29,2007-Q4,233.942857,124.43768989361703,101.10942234042554,82.8419454787234,87.71833063063062
2007-11-30,2007-Q4,242.428571,128.9513675531915,101.36778111702128,83.00911861702127,87.73448787878787
2007-12-03,2007-Q4,244.885714,130.25835851063832,101.48936170212768,83.16869308510638,87.81694545454546
2007-12-04,2007-Q4,240.542857,127.94832819148937,101.64133723404257,83.42705186170213,87.84703063063063
2007-12-05,2007-Q4,243.114286,129.3161095744681,101.76291781914894,83.60182367021277,88.05471117021277
2007-12-06,2007-Q4,244.8,130.21276595744683,101.90729494680852,83.66261382978723,88.16655725806451
2007-12-07,2007-Q4,238.742857,126.99088138297871,102.2340425531915,83.91337393617022,88.21474504504503
2007-12-10,2007-Q4,234.228571,124.58966542553192,102.84194521276596,84.87841968085107,88.22188457446809
2007-12-11,2007-Q4,237.628571,126.3981760638298,103.50303962765958,85.64589680851064,88.28828828828829
2007-12-12,2007-Q4,237.942857,126.56534946808512,104.1337385638298,86.01063829787235,88.3282675531915
2007-12-13,2007-Q4,235.057143,125.03039521276597,104.51367765957448,86.75531914893618,88.39697177419355
2007-12-14,2007-Q4,228.314286,121.44376914893618,104.95440718085106,87.60638297872342,88.41342983870967
2007-12-17,2007-Q4,216.342857,115.07598776595746,105.3647414893617,88.13829787234043,88.50891711711712
2007-12-18,2007-Q4,215.257143,114.49848031914895,105.47872340425532,88.2750760638298,88.61702127659575
2007-12-19,2007-Q4,211.657143,112.58358670212766,107.54559281914896,88.47264441489362,88.6560027027027
2007-12-20,2007-Q4,213.628571,113.63221861702128,109.59726436170214,88.77659574468086,88.76520303030303
2007-12-21,2007-Q4,213.628571,113.63221861702128,110.34954388297872,89.05775079787233,88.91705080645161
2007-12-24,2007-Q4,211.0,112.2340425531915,111.06382978723404,89.35410345744681,88.93617021276596
2007-12-25,2007-Q4,211.0,112.2340425531915,111.67933138297872,89.56686941489363,89.17933138297872
2007-12-26,2007-Q4,222.8,118.51063829787236,112.2340425531915,89.92401223404255,89.44700483870969
2007-12-27,2007-Q4,222.457143,118.3282675531915,112.40881462765958,90.35714281914896,89.5288755319149
2007-12-28,2007-Q4,224.6,119.468085106383,113.10790265957448,90.9802430851064,89.5325870967742
2007-12-31,2007-Q4,224.8,119.5744680851064,113.63221861702128,91.48936170212768,89.60486329787234
2008-01-01,2008-Q1,222.857143,118.54103351063831,114.04255319148936,91.88449840425534,89.76300161290322
2008-01-02,2008-Q1,219.885714,116.96048617021276,114.4756840425532,92.40121569148936,89.76300161290322
2008-01-03,2008-Q1,226.457143,120.45592712765958,114.7872340425532,92.73556223404256,89.76300161290322
2008-01-04,2008-Q1,227.542857,121.03343457446807,116.01823696808512,93.01671728723404,89.76300161290322
2008-01-07,2008-Q1,221.971429,118.0699090425532,117.51519760638298,93.3586625,89.76300161290322
2008-01-08,2008-Q1,217.085714,115.47112446808512,117.51519760638298,93.93617021276596,89.76300161290322
2008-01-09,2008-Q1,211.314286,112.40121595744682,117.51519760638298,94.43009122340426,90.06912419354839
2008-01-10,2008-Q1,211.257143,112.37082074468088,117.51519760638298,94.7340425531915,90.24316117021276
2008-01-11,2008-Q1,210.8,112.1276595744681,117.51519760638298,94.87841941489364,90.27649758064516
2008-01-14,2008-Q1,208.8,111.06382978723406,117.51519760638298,95.03799388297872,90.47112446808512
2008-01-15,2008-Q1,217.057143,115.45592712765958,117.51519760638298,95.18996968085108,90.54973333333332
2008-01-16,2008-Q1,214.028571,113.84498457446809,117.51519760638298,95.25835877659574,90.60489099099098
2008-01-17,2008-Q1,218.314286,116.12462021276598,117.51519760638298,95.782675,90.60489099099098
2008-01-18,2008-Q1,204.857143,108.96656542553193,117.51519760638298,96.82370824468086,90.69124435483872
2008-01-21,2008-Q1,193.142857,102.73556223404256,117.51519760638298,97.7279635638298,91.29032258064515
2008-01-22,2008-Q1,177.657143,94.49848031914894,117.51519760638298,97.7279635638298,91.48936170212768
2008-01-23,2008-Q1,192.485714,102.3860180851064,117.51519760638298,98.21428590425532,91.48936170212768
2008-01-24,2008-Q1,192.2,102.23404255319149,117.51519760638298,98.4726444148936,91.57933423423422
2008-01-25,2008-Q1,198.171429,105.41033457446808,117.51519760638298,98.9741640957447,91.65287747747747
2008-01-28,2008-Q1,209.314286,111.33738617021278,117.51519760638298,99.50607898936173,91.72642072072072
2008-01-29,2008-Q1,204.914286,108.99696063829788,117.51519760638298,99.69604867021278,91.77419354838707
2008-01-30,2008-Q1,197.685714,105.1519755319149,117.51519760638298,100.18237101063832,91.79723467741935
2008-01-31,2008-Q1,186.657143,99.28571436170212,117.51519760638298,100.18237101063832,91.93548387096774
2008-02-01,2008-Q1,182.885714,97.27963510638298,117.51519760638298,100.18237101063832,92.09677419354838
2008-02-04,2008-Q1,185.428571,98.63221861702128,117.51519760638298,100.18237101063832,92.11981532258064
2008-02-05,2008-Q1,179.914286,95.69908829787236,117.51519760638298,100.18237101063832,92.16589838709676
2008-02-06,2008-Q1,171.828571,91.3981760638298,117.51519760638298,100.18237101063832,92.16589838709676
2008-02-07,2008-Q1,160.485714,85.3647414893617,117.51519760638298,100.18237101063832,92.16589838709676
2008-02-08,2008-Q1,165.857143,88.22188457446809,117.51519760638298,100.18237101063832,92.16589838709676
2008-02-11,2008-Q1,157.2,83.61702127659575,117.51519760638298,100.18237101063832,92.16589838709676
2008-02-12,2008-Q1,157.685714,83.87537978723404,117.51519760638298,100.18237101063832,92.16589838709676
2008-02-13,2008-Q1,159.971429,85.09118563829787,117.51519760638298,100.18237101063832,92.16589838709676
2008-02-14,2008-Q1,176.342857,93.7993920212766,117.51519760638298,100.18237101063832,92.27963510638298
2008-02-15,2008-Q1,172.971429,92.00607925531916,117.51519760638298,100.18237101063832,92.27963510638298
2008-02-18,2008-Q1,178.228571,94.80243138297872,117.51519760638298,100.18237101063832,92.33314954954956
2008-02-19,2008-Q1,183.342857,97.52279627659576,117.51519760638298,100.18237101063832,92.52279627659576
2008-02-20,2008-Q1,178.571429,94.98480265957448,117.51519760638298,100.18237101063832,92.83410161290324
2008-02-21,2008-Q1,176.4,93.82978723404256,117.51519760638298,100.18237101063832,92.84794954954954
2008-02-22,2008-Q1,169.714286,90.27355638297873,117.51519760638298,100.18237101063832,92.84794954954954
2008-02-25,2008-Q1,171.371429,91.15501542553191,117.51519760638298,100.18237101063832,92.84794954954954
2008-02-26,2008-Q1,178.2,94.7872340425532,117.51519760638298,100.18237101063832,92.84794954954954
2008-02-27,2008-Q1,187.342857,99.65045585106384,117.51519760638298,100.18237101063832,92.84794954954954
2008-02-28,2008-Q1,186.857143,99.39209734042554,116.54255319148936,100.18237101063832,92.84794954954954
2008-02-29,2008-Q1,180.228571,95.86626117021277,115.79787234042556,100.18237101063832,92.84794954954954
2008-03-03,2008-Q1,177.228571,94.2705164893617,115.46352579787236,100.18237101063832,92.84794954954954
2008-03-04,2008-Q1,172.057143,91.51975691489362,115.26595744680851,100.18237101063832,92.83410161290324
2008-03-05,2008-Q1,170.171429,90.51671755319148,114.7872340425532,100.18237101063832,92.83410161290324
2008-03-06,2008-Q1,170.171429,90.51671755319148,114.17173244680852,100.18237101063832,92.52279627659576
2008-03-07,2008-Q1,164.971429,87.75076010638298,113.73860159574468,100.18237101063832,92.52279627659576
2008-03-10,2008-Q1,155.257143,82.58358670212768,113.63221861702128,100.18237101063832,92.52279627659576
2008-03-11,2008-Q1,162.8,86.59574468085107,113.10790265957448,100.18237101063832,92.52279627659576
2008-03-12,2008-Q1,157.714286,83.89057765957446,112.49240132978724,100.18237101063832,92.52279627659576
2008-03-13,2008-Q1,149.0,79.25531914893618,112.38601835106384,100.18237101063832,92.52279627659576
2008-03-14,2008-Q1,148.542857,79.01215797872341,112.3024316489362,100.18237101063832,92.52279627659576
2008-03-17,2008-Q1,142.685714,75.89665638297872,112.2340425531915,100.18237101063832,92.52279627659576
2008-03-18,2008-Q1,145.485714,77.38601808510639,112.1808510638298,100.18237101063832,92.52279627659576
2008-03-19,2008-Q1,139.514286,74.20972659574468,111.73252287234044,100.18237101063832,92.52279627659576
2008-03-20,2008-Q1,139.514286,74.20972659574468,111.2006079787234,100.18237101063832,92.52279627659576
2008-03-21,2008-Q1,139.514286,74.20972659574468,110.03039521276597,100.18237101063832,92.52279627659576
2008-03-24,2008-Q1,138.714286,73.78419468085106,108.98176303191492,100.18237101063832,92.52279627659576
2008-03-25,2008-Q1,147.142857,78.26747712765957,107.18845,100.18237101063832,92.52279627659576
2008-03-26,2008-Q1,154.657143,82.26443776595745,105.2811550531915,100.18237101063832,92.52279627659576
2008-03-27,2008-Q1,157.6,83.82978723404256,103.94376888297872,100.18237101063832,92.52279627659576
2008-03-28,2008-Q1,164.657143,87.58358670212766,102.56079015957448,100.18237101063832,92.52279627659576
2008-03-31,2008-Q1,157.4,83.72340425531915,102.31003031914896,100.18237101063832,92.52279627659576
2008-04-01,2008-Q2,145.428571,77.35562287234043,100.94224920212768,100.18237101063832,92.33314954954956
2008-04-02,2008-Q2,151.028571,80.33434627659575,99.5212765957447,100.18237101063832,92.27963510638298
2008-04-03,2008-Q2,146.114286,77.72036489361702,99.33890585106384,100.18237101063832,92.16589838709676
2008-04-04,2008-Q2,135.628571,72.14285691489361,98.9589664893617,100.18237101063832,92.11981532258064
2008-04-07,2008-Q2,142.628571,75.86626117021277,98.07750744680853,100.18237101063832,92.09677419354838
2008-04-08,2008-Q2,145.114286,77.18845,97.40121569148936,100.18237101063832,92.00607925531916
2008-04-09,2008-Q2,149.428571,79.48328244680852,96.57294813829787,100.18237101063832,91.93548387096774
2008-04-10,2008-Q2,147.285714,78.34346489361704,95.78267473404256,100.18237101063832,91.79723467741935
2008-04-11,2008-Q2,149.114286,79.31610957446809,95.34194547872345,100.18237101063832,91.77419354838707
2008-04-14,2008-Q2,149.114286,79.31610957446809,94.8936170212766,100.18237101063832,91.51975691489362
2008-04-15,2008-Q2,145.942857,77.62917925531916,94.79483271276597,100.18237101063832,91.48936170212768
2008-04-16,2008-Q2,148.142857,78.7993920212766,94.64285718085108,100.18237101063832,91.48936170212768
2008-04-17,2008-Q2,147.628571,78.52583563829788,94.38449840425532,100.18237101063832,91.3981760638298
2008-04-18,2008-Q2,147.628571,78.52583563829788,94.05015186170212,100.18237101063832,91.29032258064515
2008-04-21,2008-Q2,150.371429,79.98480265957447,93.8145896276596,100.18237101063832,91.15501542553191
2008-04-22,2008-Q2,155.0,82.4468085106383,92.90273563829788,100.18237101063832,90.69124435483872
2008-04-23,2008-Q2,152.2,80.95744680851064,91.7629180851064,100.18237101063832,90.51671755319148
2008-04-24,2008-Q2,149.771429,79.66565372340426,91.4589664893617,100.18237101063832,90.51671755319148
2008-04-25,2008-Q2,148.457143,78.96656542553193,91.27659574468086,100.18237101063832,90.51671755319148
2008-04-28,2008-Q2,146.028571,77.67477180851064,90.8358664893617,100.18237101063832,90.51671755319148
2008-04-29,2008-Q2,143.428571,76.29179308510639,90.51671755319148,100.18237101063832,90.51671755319148
2008-04-30,2008-Q2,142.657143,75.88145904255319,90.3951369680851,100.18237101063832,90.51671755319148
2008-05-01,2008-Q2,142.657143,75.88145904255319,89.24772047872341,100.18237101063832,90.51671755319148
2008-05-02,2008-Q2,145.714286,77.50759893617021,87.98632234042555,100.18237101063832,90.51671755319148
2008-05-05,2008-Q2,142.828571,75.97264414893618,87.66717340425532,100.18237101063832,90.51671755319148
2008-05-06,2008-Q2,144.314286,76.76291808510639,87.08966569148936,100.18237101063832,90.51671755319148
2008-05-07,2008-Q2,144.028571,76.6109420212766,85.9802430851064,100.18237101063832,90.51671755319148
2008-05-08,2008-Q2,141.628571,75.33434627659575,85.22796356382979,100.18237101063832,90.51671755319148
2008-05-09,2008-Q2,139.085714,73.98176276595746,84.49088164893617,100.18237101063832,90.47112446808512
2008-05-12,2008-Q2,134.028571,71.29179308510639,83.88297872340425,100.18237101063832,90.27649758064516
2008-05-13,2008-Q2,132.8,70.63829787234043,83.8525835106383,100.18237101063832,90.27649758064516
2008-05-14,2008-Q2,130.285714,69.30091170212766,83.77659574468086,100.18237101063832,90.27649758064516
2008-05-15,2008-Q2,140.114286,74.52887553191489,83.67021276595744,100.18237101063832,90.27355638297873
2008-05-16,2008-Q2,136.057143,72.37082074468086,83.10030398936172,100.18237101063832,90.24316117021276
2008-05-19,2008-Q2,136.057143,72.37082074468086,82.515197606383,100.18237101063832,90.06912419354839
2008-05-20,2008-Q2,134.257143,71.41337393617022,82.35562313829789,100.18237101063832,89.60486329787234
2008-05-21,2008-Q2,132.571429,70.51671755319148,81.61094228723405,100.18237101063832,89.5288755319149
2008-05-22,2008-Q2,132.4,70.42553191489363,80.6458965425532,100.18237101063832,89.17933138297872
2008-05-23,2008-Q2,132.742857,70.60790265957446,80.15957446808511,100.18237101063832,88.93617021276596
2008-05-26,2008-Q2,135.571429,72.11246223404255,79.82522819148937,100.18237101063832,88.61702127659575
2008-05-27,2008-Q2,140.0,74.46808510638299,79.57446808510639,100.18237101063832,88.3282675531915
2008-05-28,2008-Q2,131.171429,69.77203670212766,79.39969601063831,100.18237101063832,88.22188457446809
2008-05-29,2008-Q2,129.742857,69.0121579787234,79.31610957446809,100.18237101063832,88.22188457446809
2008-05-30,2008-Q2,131.857143,70.13677819148937,79.28571436170213,100.18237101063832,88.05471117021277
2008-06-02,2008-Q2,134.485714,71.53495425531915,79.1337385638298,99.69604867021278,87.75076010638298
2008-06-03,2008-Q2,132.371429,70.4103345744681,78.98936170212767,99.65045585106384,87.58358670212766
2008-06-04,2008-Q2,129.942857,69.11854095744681,78.88297872340426,99.5212765957447,87.15805478723405
2008-06-05,2008-Q2,135.6,72.12765957446808,78.66261382978723,99.33890585106384,86.59574468085107
2008-06-06,2008-Q2,139.514286,74.20972659574468,78.52583563829788,98.9589664893617,86.35258351063831
2008-06-09,2008-Q2,139.114286,73.99696063829788,78.43465026595746,98.07750744680853,85.66869308510638
2008-06-10,2008-Q2,136.057143,72.37082074468086,78.30547101063831,97.40121569148936,85.6231005319149
2008-06-11,2008-Q2,143.914286,76.55015212765959,77.9939210106383,96.57294813829787,85.3647414893617
2008-06-12,2008-Q2,142.428571,75.75987819148936,77.69756835106384,95.78267473404256,85.09118563829787
2008-06-13,2008-Q2,142.657143,75.88145904255319,77.6519755319149,95.34194547872345,84.13373882978723
2008-06-16,2008-Q2,151.085714,80.3647414893617,77.6519755319149,94.8936170212766,83.89057765957446
2008-06-17,2008-Q2,148.314286,78.89057765957448,77.6519755319149,94.79483271276597,83.87537978723404
2008-06-18,2008-Q2,146.514286,77.93313085106384,77.6519755319149,94.64285718085108,83.82978723404256
2008-06-19,2008-Q2,145.142857,77.20364734042553,77.56838909574469,94.38449840425532,83.72340425531915
2008-06-20,2008-Q2,138.257143,73.54103351063831,77.4468085106383,94.05015186170212,83.6930090425532
2008-06-23,2008-Q2,130.4,69.36170212765958,77.3708204787234,93.8145896276596,83.63221861702128
2008-06-24,2008-Q2,129.114286,68.67781170212766,77.27963510638298,92.90273563829788,83.61702127659575
2008-06-25,2008-Q2,131.028571,69.69604840425532,77.19604867021278,91.7629180851064,83.57142872340425
2008-06-26,2008-Q2,132.685714,70.57750744680851,76.9756840425532,91.4589664893617,83.282675
2008-06-27,2008-Q2,131.2,69.7872340425532,76.6869300531915,91.27659574468086,83.05471117021277
2008-06-30,2008-Q2,126.771429,67.43161117021278,76.58054707446809,90.8358664893617,82.96352606382979
2008-07-01,2008-Q3,120.771429,64.24012180851064,76.42097260638299,90.51671755319148,82.72036489361703
2008-07-02,2008-Q3,125.285714,66.64133723404255,76.1322186170213,90.3951369680851,82.58358670212768
2008-07-03,2008-Q3,126.428571,67.24923989361703,75.93465026595746,89.24772047872341,82.49240106382979
2008-07-04,2008-Q3,137.4,73.08510638297874,75.88905771276595,87.98632234042555,82.4468085106383
2008-07-07,2008-Q3,138.114286,73.46504574468085,75.88145904255319,87.66717340425532,82.26443776595745
2008-07-08,2008-Q3,139.942857,74.43768989361703,75.88145904255319,87.08966569148936,82.02127659574468
2008-07-09,2008-Q3,142.8,75.95744680851065,75.88145904255319,85.9802430851064,81.13981755319149
2008-07-10,2008-Q3,142.657143,75.88145904255319,75.88145904255319,85.22796356382979,81.00303936170214
2008-07-11,2008-Q3,137.514286,73.14589680851064,75.87386010638298,84.49088164893617,80.95744680851064
2008-07-14,2008-Q3,130.6,69.46808510638299,75.81306968085107,83.88297872340425,80.3647414893617
2008-07-15,2008-Q3,122.828571,65.33434627659575,75.54711223404256,83.8525835106383,80.33434627659575
2008-07-16,2008-Q3,120.685714,64.19452872340426,74.93161090425532,83.77659574468086,80.0455925531915
2008-07-17,2008-Q3,130.028571,69.16413351063831,74.49848031914894,83.67021276595744,79.98480265957447
2008-07-18,2008-Q3,130.685714,69.51367765957447,74.4528875,83.10030398936172,79.7872340425532
2008-07-21,2008-Q3,128.114286,68.14589680851064,74.32370824468086,82.515197606383,79.66565372340426
2008-07-22,2008-Q3,133.371429,70.94224946808511,74.20972659574468,82.35562313829789,79.6352585106383
2008-07-23,2008-Q3,146.771429,78.0699090425532,74.32370824468086,81.61094228723405,79.60486329787234
2008-07-24,2008-Q3,148.314286,78.89057765957448,74.4528875,80.66109414893617,79.60486329787234
2008-07-25,2008-Q3,138.685714,73.76899680851064,74.4528875,80.34954388297874,79.60486329787234
2008-07-28,2008-Q3,135.2,71.91489361702128,74.4528875,80.15957446808511,79.60486329787234
2008-07-29,2008-Q3,130.657143,69.49848031914894,74.32370824468086,79.82522819148937,79.60486329787234
2008-07-30,2008-Q3,136.8,72.76595744680851,74.10334361702128,79.57446808510639,79.60486329787234
2008-07-31,2008-Q3,135.0,71.80851063829788,73.98936170212767,79.39969601063831,79.60486329787234
2008-08-01,2008-Q3,143.228571,76.18541010638297,73.98936170212767,79.31610957446809,79.60486329787234
2008-08-04,2008-Q3,137.714286,73.25227978723404,73.87537978723404,79.28571436170213,79.60486329787234
2008-08-05,2008-Q3,147.257143,78.3282675531915,73.87537978723404,79.1337385638298,79.60486329787234
2008-08-06,2008-Q3,153.428571,81.6109420212766,73.87537978723404,79.1337385638298,79.6352585106383
2008-08-07,2008-Q3,147.714286,78.57142872340425,73.87537978723404,78.98936170212767,79.6352585106383
2008-08-08,2008-Q3,146.628571,77.99392074468085,73.98936170212767,78.9285715425532,79.6352585106383
2008-08-11,2008-Q3,149.857143,79.71124627659576,73.98936170212767,78.9285715425532,79.66565372340426
2008-08-12,2008-Q3,154.2,82.02127659574468,73.98936170212767,78.9285715425532,79.71124627659576
2008-08-13,2008-Q3,156.571429,83.282675,73.98936170212767,78.9285715425532,79.7872340425532
2008-08-14,2008-Q3,148.971429,79.24012180851064,73.98936170212767,78.9285715425532,79.7872340425532
2008-08-15,2008-Q3,148.971429,79.24012180851064,73.98936170212767,78.9285715425532,79.7872340425532
2008-08-18,2008-Q3,144.485714,76.85410319148937,73.98936170212767,78.89057765957448,79.7872340425532
2008-08-19,2008-Q3,145.2,77.23404255319149,73.98936170212767,78.84498484042554,79.7872340425532
2008-08-20,2008-Q3,145.514286,77.40121595744681,73.98936170212767,78.68541037234043,79.7872340425532
2008-08-21,2008-Q3,143.657143,76.41337393617022,73.98936170212767,78.54863218085106,79.7872340425532
2008-08-22,2008-Q3,144.971429,77.11246223404255,73.98936170212767,78.52583563829788,79.7872340425532
2008-08-25,2008-Q3,150.028571,79.80243138297872,73.98936170212767,78.52583563829788,79.80243138297872
2008-08-26,2008-Q3,152.742857,81.2462005319149,73.98936170212767,78.52583563829788,79.98480265957447
2008-08-27,2008-Q3,154.4,82.1276595744681,73.98936170212767,78.52583563829788,80.0455925531915
2008-08-28,2008-Q3,151.142857,80.39513670212766,73.98936170212767,78.52583563829788,80.33434627659575
2008-08-29,2008-Q3,155.0,82.4468085106383,73.98936170212767,78.52583563829788,80.3647414893617
2008-09-01,2008-Q3,153.714286,60.99773253968253,73.87537978723404,78.43465026595746,80.3647414893617
2008-09-02,2008-Q3,156.542857,62.12018134920635,73.65501515957448,78.33586622340427,80.3647414893617
2008-09-03,2008-Q3,156.542857,62.12018134920635,73.50303962765958,78.29787234042553,80.3647414893617
2008-09-04,2008-Q3,153.628571,60.963718650793645,73.35866276595745,78.16869308510638,80.3647414893617
2008-09-05,2008-Q3,146.257143,58.03854880952382,73.19908829787235,78.03191489361703,80.3647414893617
2008-09-08,2008-Q3,152.057143,60.34013611111111,73.11550159574469,77.96352579787234,80.3647414893617
2008-09-09,2008-Q3,154.657143,61.37188214285714,72.92553191489363,77.82674787234043,80.3647414893617
2008-09-10,2008-Q3,148.657143,58.99092976190476,72.56838909574469,77.69756835106384,80.3647414893617
2008-09-11,2008-Q3,144.114286,57.18820873015873,72.37082074468086,77.6519755319149,80.3647414893617
2008-09-12,2008-Q3,143.828571,57.074829761904766,72.37082074468086,77.56838909574469,80.3647414893617
2008-09-15,2008-Q3,141.685714,56.22448968253968,72.37082074468086,77.45440744680852,80.3647414893617
2008-09-16,2008-Q3,139.514286,55.36281190476191,72.37082074468086,77.3936170212766,80.3647414893617
2008-09-17,2008-Q3,136.314286,54.09297063492064,72.37082074468086,77.3708204787234,80.3647414893617
2008-09-18,2008-Q3,134.085714,53.20861666666666,72.24924015957447,77.29483271276595,80.3647414893617
2008-09-19,2008-Q3,142.885714,56.70068015873016,72.12006090425533,77.2188449468085,80.3647414893617
2008-09-22,2008-Q3,148.171429,58.79818611111111,72.01367792553191,77.19604867021278,80.3647414893617
2008-09-23,2008-Q3,140.628571,55.80498849206349,72.01367792553191,77.15045611702128,80.3647414893617
2008-09-24,2008-Q3,143.057143,56.76870753968254,72.01367792553191,76.98328271276597,80.3647414893617
2008-09-25,2008-Q3,143.085714,56.780045238095234,72.01367792553191,76.80851063829789,80.3647414893617
2008-09-26,2008-Q3,142.257143,56.45124722222223,72.01367792553191,76.6869300531915,80.3647414893617
2008-09-29,2008-Q3,131.114286,52.02947857142857,71.86170212765958,76.58054707446809,80.3647414893617
2008-09-30,2008-Q3,132.4,52.53968253968255,71.6717324468085,76.48176303191491,80.3647414893617
2008-10-01,2008-Q4,135.114286,53.61678015873016,71.6717324468085,76.35258351063831,80.3647414893617
2008-10-02,2008-Q4,135.114286,53.61678015873016,71.6717324468085,76.23860159574468,80.3647414893617
2008-10-03,2008-Q4,137.257143,54.46712023809524,71.6717324468085,76.07902712765957,80.3647414893617
2008-10-06,2008-Q4,120.942857,47.99319722222222,71.37538005319149,75.96504547872343,80.3647414893617
2008-10-07,2008-Q4,115.771429,45.94104325396825,71.37538005319149,75.92705159574469,80.3647414893617
2008-10-08,2008-Q4,119.571429,47.44897976190476,71.37538005319149,75.88905771276595,80.3647414893617
2008-10-09,2008-Q4,119.571429,47.44897976190476,70.7598784574468,75.88145904255319,80.3647414893617
2008-10-10,2008-Q4,105.6,41.90476190476191,70.18237074468085,75.88145904255319,80.3647414893617
2008-10-13,2008-Q4,119.542857,47.43764166666666,69.74164122340426,75.88145904255319,80.3647414893617
2008-10-14,2008-Q4,125.942857,49.97732420634921,69.6048630319149,75.87386010638298,80.3647414893617
2008-10-15,2008-Q4,108.971429,43.24263055555556,69.5060789893617,75.81306968085107,80.3647414893617
2008-10-16,2008-Q4,105.942857,42.04081626984127,69.48328271276597,75.54711223404256,80.3647414893617
2008-10-17,2008-Q4,97.428571,38.66213134920635,69.41489361702128,74.93161090425532,80.3647414893617
2008-10-20,2008-Q4,95.742857,37.99319722222222,69.26291781914895,74.49848031914894,80.3647414893617
2008-10-21,2008-Q4,101.914286,40.44217698412699,68.92097260638297,74.4528875,80.3647414893617
2008-10-22,2008-Q4,94.314286,37.42630396825397,68.41185425531916,74.32370824468086,80.3647414893617
2008-10-23,2008-Q4,96.428571,38.26530595238096,67.78875398936171,74.20972659574468,80.3647414893617
2008-10-24,2008-Q4,91.971429,36.49659880952381,67.3404255319149,74.20972659574468,80.3647414893617
2008-10-27,2008-Q4,83.114286,32.981859523809526,66.94528856382979,74.20972659574468,80.3647414893617
2008-10-28,2008-Q4,88.8,35.238095238095234,65.98784175531915,74.10334361702128,80.3647414893617
2008-10-29,2008-Q4,82.857143,32.879818650793645,64.7872340425532,73.98936170212767,80.3647414893617
2008-10-30,2008-Q4,82.857143,32.879818650793645,64.21732526595744,73.88297872340425,80.3647414893617
2008-10-31,2008-Q4,87.542857,34.73922896825397,63.1573550363053,73.77659574468085,80.3647414893617
2008-11-03,2008-Q4,95.628571,37.94784563492063,62.12018134920635,73.65501515957448,80.3647414893617
2008-11-04,2008-Q4,102.942857,40.85034007936508,61.74603174603175,73.50303962765958,80.3647414893617
2008-11-05,2008-Q4,99.485714,39.47845793650794,61.18480734126983,73.35866276595745,80.3647414893617
2008-11-06,2008-Q4,93.342857,37.04081626984127,60.98072559523808,73.19908829787235,80.3647414893617
2008-11-07,2008-Q4,96.342857,38.231292460317455,60.65192738095237,73.11550159574469,80.3647414893617
2008-11-10,2008-Q4,104.371429,41.417233730158735,59.66553293650793,72.92553191489363,80.3647414893617
2008-11-11,2008-Q4,96.2,38.17460317460318,58.89455793650794,72.56838909574469,80.3647414893617
2008-11-12,2008-Q4,88.428571,35.09070277777778,58.41836746031746,72.37082074468086,80.3647414893617
2008-11-13,2008-Q4,88.428571,35.09070277777778,57.61337876984128,72.37082074468086,80.3647414893617
2008-11-14,2008-Q4,80.571429,31.972789285714285,57.13151924603174,72.25683882978723,80.3647414893617
2008-11-17,2008-Q4,75.285714,29.87528333333333,56.9274375,72.13525824468084,80.3647414893617
2008-11-18,2008-Q4,69.6,27.619047619047617,56.77437638888888,72.12006090425533,80.3647414893617
2008-11-19,2008-Q4,69.857143,27.72108849206349,56.73469384920635,72.01367792553191,80.3647414893617
2008-11-20,2008-Q4,65.542857,26.00907023809524,56.57596369047619,71.86170212765958,80.3647414893617
2008-11-21,2008-Q4,67.828571,26.9160996031746,56.33786845238095,71.6717324468085,80.3647414893617
2008-11-24,2008-Q4,69.885714,27.732426190476183,56.01473908730158,71.47416409574468,80.3647414893617
2008-11-25,2008-Q4,69.371429,27.52834484126984,55.5839001984127,71.35258351063831,80.3647414893617
2008-11-26,2008-Q4,68.085714,27.018140476190474,54.91496607142858,71.11702127659575,80.3647414893617
2008-11-27,2008-Q4,68.085714,27.018140476190474,54.28004543650794,70.79027367021277,80.3647414893617
2008-11-28,2008-Q4,67.514286,26.79138333333333,53.8548753968254,70.62310026595745,80.3647414893617
2008-12-01,2008-Q4,65.971429,28.559060173160173,53.61678015873016,70.59270505319148,80.3647414893617
2008-12-02,2008-Q4,61.885714,26.79035238095238,53.4126984126984,70.5471125,80.3647414893617
2008-12-03,2008-Q4,63.8,27.619047619047617,52.8741496031746,70.47112473404255,80.3647414893617
2008-12-04,2008-Q4,67.628571,29.27643766233766,52.28458055555557,70.41793324468085,80.3647414893617
2008-12-05,2008-Q4,66.485714,28.78169437229437,51.00340138888889,70.27355638297874,80.3647414893617
2008-12-08,2008-Q4,67.514286,29.226963636363635,48.98526071428572,69.96200611702128,80.3647414893617
2008-12-09,2008-Q4,67.514286,29.226963636363635,47.72108849206349,69.77963537234044,80.3647414893617
2008-12-10,2008-Q4,74.714286,32.34384675324675,47.44897976190476,69.7340425531915,80.3647414893617
2008-12-11,2008-Q4,81.514286,35.2875696969697,47.44331071428571,69.6048630319149,80.33434627659575
2008-12-12,2008-Q4,86.771429,37.56338917748918,46.689342460317455,69.5060789893617,80.33434627659575
2008-12-15,2008-Q4,83.4,36.103896103896105,44.59183690476191,69.48328271276597,79.98480265957447
2008-12-16,2008-Q4,81.485714,35.27520086580087,42.64172341269841,69.41489361702128,79.80243138297872
2008-12-17,2008-Q4,75.4,32.64069264069264,41.97278908730159,69.33130691489362,79.71124627659576
2008-12-18,2008-Q4,78.914286,34.16202857142857,41.66099781746033,69.23252260638299,79.66565372340426
2008-12-19,2008-Q4,78.314286,33.90228831168831,41.13378690476191,69.14133723404257,79.48328244680852
2008-12-22,2008-Q4,76.714286,33.209647619047615,40.64625853174604,69.0653494680851,79.31610957446809
2008-12-23,2008-Q4,75.714286,32.77674718614718,39.96031746031746,68.84498484042552,79.31610957446809
2008-12-24,2008-Q4,76.8,33.246753246753244,39.07029464285714,68.41185425531916,79.25531914893618
2008-12-25,2008-Q4,76.8,33.246753246753244,38.46371865079365,67.78875398936171,79.24012180851064
2008-12-26,2008-Q4,74.342857,32.183054978354974,38.24829920634921,67.3404255319149,79.24012180851064
2008-12-29,2008-Q4,74.428571,32.22016060606061,38.20294781746031,66.94528856382979,79.01215797872341
2008-12-30,2008-Q4,76.114286,32.94990735930736,38.0839001984127,65.98784175531915,78.96656542553193
2008-12-31,2008-Q4,77.2,33.41991341991342,37.97052142857143,64.7872340425532,78.89057765957448
2009-01-01,2009-Q1,81.657143,35.349412554112554,37.755617406204905,64.21732526595744,78.89057765957448
2009-01-02,2009-Q1,85.342857,36.94495974025974,37.49484657287157,63.1573550363053,78.7993920212766
2009-01-05,2009-Q1,83.8,36.27705627705628,37.23356011904762,62.12018134920635,78.57142872340425
2009-01-06,2009-Q1,81.457143,35.26283246753247,36.9928880050505,61.74603174603175,78.52583563829788
2009-01-07,2009-Q1,79.4,34.37229437229438,36.720779274891775,61.18480734126983,78.52583563829788
2009-01-08,2009-Q1,79.4,34.37229437229438,36.386827543290046,60.98072559523808,78.34346489361704
2009-01-09,2009-Q1,77.8,33.67965367965368,36.19047619047619,60.65192738095237,78.3282675531915
2009-01-12,2009-Q1,79.428571,34.38466277056277,35.72665432900433,59.66553293650793,78.26747712765957
2009-01-13,2009-Q1,79.4,34.37229437229438,35.31849112554113,58.89455793650794,78.0699090425532
2009-01-14,2009-Q1,80.057143,34.65677186147186,35.28138528138528,58.41836746031746,77.99392074468085
2009-01-15,2009-Q1,75.085714,32.50463809523809,35.26901666666667,57.61337876984128,77.93313085106384
2009-01-16,2009-Q1,73.285714,31.72541731601732,35.25046385281385,57.13151924603174,77.72036489361702
2009-01-19,2009-Q1,74.114286,32.084106493506496,35.16439900793651,56.9274375,77.67477180851064
2009-01-20,2009-Q1,73.285714,31.72541731601732,35.09070277777778,56.77437638888888,77.62917925531916
2009-01-21,2009-Q1,74.285714,32.158317748917746,34.91496587301587,56.73469384920635,77.50759893617021
2009-01-22,2009-Q1,74.457143,32.23252943722944,34.69800041486292,56.57596369047619,77.40121595744681
2009-01-23,2009-Q1,73.685714,31.89857748917749,34.52071731601731,56.33786845238095,77.38601808510639
2009-01-26,2009-Q1,73.685714,31.89857748917749,34.37847857142857,56.01473908730158,77.35562287234043
2009-01-27,2009-Q1,75.228571,32.56648095238095,34.37229437229438,55.5839001984127,77.23404255319149
2009-01-28,2009-Q1,76.885714,33.28385887445887,34.37229437229438,54.91496607142858,77.20364734042553
2009-01-29,2009-Q1,77.0,33.333333333333336,34.26716147186147,54.28004543650794,77.18845
2009-01-30,2009-Q1,74.028571,32.04700043290043,34.03215844155844,53.8548753968254,77.11246223404255
2009-02-02,2009-Q1,74.314286,32.170686580086574,33.790970995671,53.61678015873016,76.85410319148937
2009-02-03,2009-Q1,73.142857,31.66357445887446,33.549783549783555,53.4126984126984,76.76291808510639
2009-02-04,2009-Q1,74.314286,32.170686580086574,33.37662337662338,52.8741496031746,76.6109420212766
2009-02-05,2009-Q1,74.314286,32.170686580086574,33.30859610389611,52.28458055555557,76.55015212765959
2009-02-06,2009-Q1,74.542857,32.269635064935066,33.26530606060606,51.00340138888889,76.41337393617022
2009-02-09,2009-Q1,77.085714,33.37043896103896,33.26530606060606,48.98526071428572,76.29179308510639
2009-02-10,2009-Q1,78.685714,34.06307965367966,33.26530606060606,47.72108849206349,76.18541010638297
2009-02-11,2009-Q1,76.457143,33.0983303030303,33.246753246753244,47.44897976190476,75.97264414893618
2009-02-12,2009-Q1,77.828571,33.69202207792208,33.246753246753244,47.44331071428571,75.95744680851065
2009-02-13,2009-Q1,79.371429,34.35992597402598,33.246753246753244,46.689342460317455,75.89665638297872
2009-02-16,2009-Q1,75.314286,32.60358701298701,33.22820043290043,44.59183690476191,75.88145904255319
2009-02-17,2009-Q1,72.6,31.428571428571427,33.15398896103896,42.64172341269841,75.88145904255319
2009-02-18,2009-Q1,71.0,30.735930735930737,33.040094913419914,41.97278908730159,75.88145904255319
2009-02-19,2009-Q1,72.771429,31.50278311688312,32.96588344155845,41.66099781746033,75.88145904255319
2009-02-20,2009-Q1,71.4,30.90909090909091,32.914863005050506,41.13378690476191,75.86626117021277
2009-02-23,2009-Q1,71.4,30.90909090909091,32.879818650793645,40.64625853174604,75.75987819148936
2009-02-24,2009-Q1,69.057143,29.894867099567097,32.828282918470414,39.96031746031746,75.33434627659575
2009-02-25,2009-Q1,70.028571,30.3153987012987,32.70871991341991,39.07029464285714,74.52887553191489
2009-02-26,2009-Q1,72.371429,31.329622943722946,32.62213982683983,38.46371865079365,74.46808510638299
2009-02-27,2009-Q1,71.0,30.735930735930737,32.58503398268398,38.24829920634921,74.43768989361703
2009-03-02,2009-Q1,70.057143,30.32776753246753,32.535559523809525,38.20294781746031,74.20972659574468
2009-03-03,2009-Q1,68.6,29.69696969696969,32.42424242424242,38.0839001984127,74.20972659574468
2009-03-04,2009-Q1,69.0,29.87012987012987,32.306740909090905,37.97052142857143,74.20972659574468
2009-03-05,2009-Q1,68.457143,29.63512683982684,32.25108225108225,37.755617406204905,74.20972659574468
2009-03-06,2009-Q1,67.885714,29.387754978354973,32.226345021645024,37.49484657287157,73.99696063829788
2009-03-09,2009-Q1,67.314286,29.140383549783547,32.201607792207795,37.23356011904762,73.98176276595746
2009-03-10,2009-Q1,67.314286,29.140383549783547,32.17687077922078,36.9928880050505,73.78419468085106
2009-03-11,2009-Q1,67.314286,29.140383549783547,32.170686580086574,36.720779274891775,73.76899680851064
2009-03-12,2009-Q1,67.885714,29.387754978354973,32.170686580086574,36.386827543290046,73.54103351063831
2009-03-13,2009-Q1,69.085714,29.907235497835494,32.16450216450216,36.19047619047619,73.46504574468085
2009-03-16,2009-Q1,73.514286,31.82436623376623,32.121212121212125,35.72665432900433,73.25227978723404
2009-03-17,2009-Q1,77.285714,33.45701904761905,32.121212121212125,35.31849112554113,73.14589680851064
2009-03-18,2009-Q1,77.914286,33.72912813852814,32.121212121212125,35.28138528138528,73.08510638297874
2009-03-19,2009-Q1,75.771429,32.80148441558441,32.121212121212125,35.26901666666667,72.76595744680851
2009-03-20,2009-Q1,72.257143,31.280148484848485,32.121212121212125,35.25046385281385,72.37082074468086
2009-03-23,2009-Q1,77.228571,33.43228181818182,32.16450216450216,35.16439900793651,72.37082074468086
2009-03-24,2009-Q1,69.6,30.129870129870127,32.16450216450216,35.09070277777778,72.37082074468086
2009-03-25,2009-Q1,60.657143,26.25850346320346,32.16450216450216,34.91496587301587,72.14285691489361
2009-03-26,2009-Q1,69.057143,29.894867099567097,32.16450216450216,34.69800041486292,72.12765957446808
2009-03-27,2009-Q1,67.942857,29.41249220779221,32.16450216450216,34.52071731601731,72.11246223404255
2009-03-30,2009-Q1,67.371429,29.165120779220786,32.16450216450216,34.37847857142857,71.91489361702128
2009-03-31,2009-Q1,70.571429,30.550402164502163,32.16450216450216,34.37229437229438,71.80851063829788
2009-04-01,2009-Q2,74.2,32.121212121212125,32.16450216450216,34.37229437229438,71.53495425531915
2009-04-02,2009-Q2,74.771429,32.36858398268398,32.170686580086574,34.36611017316018,71.41337393617022
2009-04-03,2009-Q2,74.771429,32.36858398268398,32.170686580086574,34.260977272727274,71.29179308510639
2009-04-06,2009-Q2,72.742857,31.490414285714284,32.170686580086574,34.112554112554115,70.94224946808511
2009-04-07,2009-Q2,72.742857,31.490414285714284,32.170686580086574,33.98268398268398,70.63829787234043
2009-04-08,2009-Q2,76.085714,32.937538528138525,32.17687077922078,33.815708225108224,70.60790265957446
2009-04-09,2009-Q2,79.228571,34.298082683982685,32.201607792207795,33.815708225108224,70.57750744680851
2009-04-10,2009-Q2,79.228571,34.298082683982685,32.226345021645024,33.815708225108224,70.51671755319148
2009-04-13,2009-Q2,85.4,36.96969696969697,32.25108225108225,33.815708225108224,70.42553191489363
2009-04-14,2009-Q2,85.4,36.96969696969697,32.306740909090905,33.815708225108224,70.4103345744681
2009-04-15,2009-Q2,95.771429,41.45949307359307,32.31910952380952,33.815708225108224,70.13677819148937
2009-04-16,2009-Q2,86.571429,37.476809090909086,32.31910952380952,33.815708225108224,69.7872340425532
2009-04-17,2009-Q2,88.771429,38.42919004329004,32.31910952380952,33.815708225108224,69.77203670212766
2009-04-20,2009-Q2,92.371429,39.9876316017316,32.31910952380952,33.815708225108224,69.69604840425532
2009-04-21,2009-Q2,88.142857,38.15708095238095,32.31910952380952,33.815708225108224,69.51367765957447
2009-04-22,2009-Q2,88.685714,38.39208398268399,32.31910952380952,33.815708225108224,69.49848031914894
2009-04-23,2009-Q2,89.542857,38.76314155844155,32.31910952380952,33.815708225108224,69.46808510638299
2009-04-24,2009-Q2,92.6,40.086580086580085,32.31910952380952,33.815708225108224,69.36170212765958
2009-04-27,2009-Q2,96.571429,41.80581341991342,32.31910952380952,33.815708225108224,69.30091170212766
2009-04-28,2009-Q2,89.485714,38.73840432900433,32.31910952380952,33.815708225108224,69.16413351063831
2009-04-29,2009-Q2,91.514286,39.616574025974025,32.31910952380952,33.815708225108224,69.11854095744681
2009-04-30,2009-Q2,91.514286,39.616574025974025,32.31910952380952,33.815708225108224,69.0121579787234
2009-05-01,2009-Q2,91.514286,39.616574025974025,32.36858398268398,33.815708225108224,68.67781170212766
2009-05-04,2009-Q2,100.571429,43.53741515151515,32.43661103896103,33.815708225108224,68.14589680851064
2009-05-05,2009-Q2,98.914286,42.82003722943723,32.43661103896103,33.815708225108224,67.43161117021278
2009-05-06,2009-Q2,92.228571,39.92578831168832,32.43661103896103,33.815708225108224,67.24923989361703
2009-05-07,2009-Q2,93.342857,40.4081632034632,32.43661103896103,33.815708225108224,66.64133723404255
2009-05-08,2009-Q2,94.571429,40.94001255411255,32.43661103896103,33.815708225108224,65.33434627659575
2009-05-11,2009-Q2,92.885714,40.2102658008658,32.43661103896103,33.815708225108224,64.24012180851064
2009-05-12,2009-Q2,94.542857,40.92764372294372,32.43661103896103,33.815708225108224,64.19452872340426
2009-05-13,2009-Q2,95.971429,41.54607316017316,32.43661103896103,33.815708225108224,62.12018134920635
2009-05-14,2009-Q2,96.342857,41.7068645021645,32.43661103896103,33.815708225108224,62.12018134920635
2009-05-15,2009-Q2,100.771429,43.62399523809523,32.43661103896103,33.815708225108224,61.37188214285714
2009-05-18,2009-Q2,116.857143,50.58750779220779,32.43661103896103,33.815708225108224,60.99773253968253
2009-05-19,2009-Q2,127.828571,55.33704372294372,32.43661103896103,33.815708225108224,60.963718650793645
2009-05-20,2009-Q2,143.628571,62.17687056277056,32.43661103896103,33.815708225108224,60.963718650793645
2009-05-21,2009-Q2,146.742857,63.52504632034631,32.467532467532465,33.815708225108224,60.963718650793645
2009-05-22,2009-Q2,147.057143,63.66110086580086,32.58503398268398,33.815708225108224,60.963718650793645
2009-05-25,2009-Q2,148.885714,64.45269004329005,32.70253571428572,33.815708225108224,60.963718650793645
2009-05-26,2009-Q2,143.4,62.07792207792208,32.86951147186147,33.815708225108224,60.963718650793645
2009-05-27,2009-Q2,149.028571,64.5145329004329,33.01793441558441,33.815708225108224,60.963718650793645
2009-05-28,2009-Q2,146.285714,63.32714891774892,33.19109458874459,33.815708225108224,60.963718650793645
2009-05-29,2009-Q2,150.028571,64.94743333333334,33.30859610389611,33.815708225108224,60.963718650793645
2009-06-01,2009-Q2,161.028571,89.96009553072625,33.35188614718615,33.815708225108224,60.963718650793645
2009-06-02,2009-Q2,161.342857,90.13567430167598,33.40136038961039,33.815708225108224,60.963718650793645
2009-06-03,2009-Q2,165.742857,92.5937748603352,33.44465043290043,33.815708225108224,60.963718650793645
2009-06-04,2009-Q2,164.571429,91.93934581005584,33.574520562770566,33.815708225108224,60.963718650793645
2009-06-05,2009-Q2,166.257143,92.88108547486034,33.710575108225115,33.815708225108224,60.963718650793645
2009-06-08,2009-Q2,168.428571,94.09417374301675,33.896103896103895,33.815708225108224,60.963718650793645
2009-06-09,2009-Q2,170.8,95.41899441340784,34.18058116883117,33.815708225108224,60.963718650793645
2009-06-10,2009-Q2,171.342857,95.72226648044692,34.298082683982685,33.815708225108224,60.963718650793645
2009-06-11,2009-Q2,169.485714,94.684756424581,34.329004329004334,33.815708225108224,60.963718650793645
2009-06-12,2009-Q2,167.142857,93.37589776536312,35.66481147186147,33.815708225108224,60.963718650793645
2009-06-15,2009-Q2,163.114286,91.12529944134076,36.96969696969697,33.815708225108224,60.963718650793645
2009-06-16,2009-Q2,165.257143,92.32242625698323,37.22325303030303,33.815708225108224,60.963718650793645
2009-06-17,2009-Q2,160.114286,89.4493217877095,37.81694502164502,33.815708225108224,60.963718650793645
2009-06-18,2009-Q2,156.628571,87.50199497206704,38.27458246753247,33.815708225108224,60.963718650793645
2009-06-19,2009-Q2,160.628571,89.73663184357541,38.41063701298702,33.815708225108224,60.963718650793645
2009-06-22,2009-Q2,155.514286,86.87948938547486,38.58379718614719,33.815708225108224,60.963718650793645
2009-06-23,2009-Q2,158.971429,88.81085418994414,38.75077294372294,33.815708225108224,60.963718650793645
2009-06-24,2009-Q2,165.628571,92.52992793296087,39.18985779220779,33.815708225108224,60.963718650793645
2009-06-25,2009-Q2,166.885714,93.23224245810056,39.616574025974025,33.815708225108224,60.963718650793645
2009-06-26,2009-Q2,169.571429,94.73264189944132,39.616574025974025,33.815708225108224,60.963718650793645
2009-06-29,2009-Q2,173.571429,96.96727877094972,39.77118116883118,33.815708225108224,60.963718650793645
2009-06-30,2009-Q2,166.914286,93.24820446927374,39.95670995670996,33.815708225108224,60.963718650793645
2009-07-01,2009-Q3,167.285714,93.4557061452514,40.037105844155846,33.815708225108224,60.963718650793645
2009-07-02,2009-Q3,171.485714,95.8020748603352,40.14842294372294,33.815708225108224,60.963718650793645
2009-07-03,2009-Q3,171.942857,96.0574620111732,40.309214502164494,33.815708225108224,60.963718650793645
2009-07-06,2009-Q3,163.428571,91.30087765363128,40.66790346320346,33.98268398268398,60.963718650793645
2009-07-07,2009-Q3,168.485714,94.1260972067039,40.933828138528135,33.98268398268398,60.963718650793645
2009-07-08,2009-Q3,165.628571,92.52992793296087,41.19975281385281,34.112554112554115,60.963718650793645
2009-07-09,2009-Q3,160.314286,89.56105363128492,41.50278311688312,34.230055627705624,60.963718650793645
2009-07-10,2009-Q3,156.885714,87.64565027932962,41.62646883116883,34.230055627705624,60.963718650793645
2009-07-13,2009-Q3,153.228571,85.6025536312849,41.75633896103896,34.230055627705624,60.963718650793645
2009-07-14,2009-Q3,158.485714,88.53950502793296,42.31292532467533,34.230055627705624,60.963718650793645
2009-07-15,2009-Q3,163.657143,91.42857150837987,43.17872619047619,34.230055627705624,60.963718650793645
2009-07-16,2009-Q3,161.057143,89.97605754189944,43.58070519480519,34.230055627705624,60.963718650793645
2009-07-17,2009-Q3,172.857143,96.56823631284917,47.10575151515151,34.230055627705624,60.963718650793645
2009-07-20,2009-Q3,166.914286,93.24820446927374,52.96227575757575,34.230055627705624,60.963718650793645
2009-07-21,2009-Q3,168.771429,94.28571452513968,58.7074829004329,34.230055627705624,60.963718650793645
2009-07-22,2009-Q3,165.742857,92.5937748603352,62.12739632034632,34.230055627705624,60.963718650793645
2009-07-23,2009-Q3,168.114286,93.91859553072624,62.75200974025974,34.230055627705624,60.963718650793645
2009-07-24,2009-Q3,174.428571,97.44612905027932,63.42609761904762,34.298082683982685,60.963718650793645
2009-07-27,2009-Q3,169.457143,94.66879497206703,63.59307359307358,34.329004329004334,60.963718650793645
2009-07-28,2009-Q3,170.085714,95.01995195530726,64.05689545454545,34.36611017316018,60.963718650793645
2009-07-29,2009-Q3,173.085714,96.69592960893854,64.48361147186148,34.37229437229438,60.963718650793645
2009-07-30,2009-Q3,168.028571,93.87071005586591,64.73098311688312,34.37229437229438,60.963718650793645
2009-07-31,2009-Q3,168.342857,94.04628882681564,75.27499348230913,34.37847857142857,60.963718650793645
2009-08-03,2009-Q3,167.085714,93.34397430167596,86.24102150837987,34.52071731601731,60.963718650793645
2009-08-04,2009-Q3,162.971429,91.04549106145252,87.19074217877095,34.959802164502165,60.963718650793645
2009-08-05,2009-Q3,162.714286,90.90183575418992,87.57382262569833,35.26901666666667,60.963718650793645
2009-08-06,2009-Q3,156.714286,87.54988044692736,87.59776536312849,35.28138528138528,60.963718650793645
2009-08-07,2009-Q3,155.885714,87.08699106145252,87.59776536312849,35.31849112554113,60.963718650793645
2009-08-10,2009-Q3,151.4,84.58100558659218,87.59776536312849,35.72665432900433,60.963718650793645
2009-08-11,2009-Q3,154.142857,86.11332793296089,87.59776536312849,36.19047619047619,60.963718650793645
2009-08-12,2009-Q3,154.657143,86.40063854748603,87.59776536312849,36.61100800865801,60.963718650793645
2009-08-13,2009-Q3,161.885714,90.43894636871508,88.09257765363128,36.95732835497836,60.963718650793645
2009-08-14,2009-Q3,161.485714,90.21548268156424,88.67517960893855,36.96969696969697,60.963718650793645
2009-08-17,2009-Q3,155.485714,86.86352737430167,88.67517960893855,37.22325303030303,60.963718650793645
2009-08-18,2009-Q3,159.714286,89.22585810055865,89.0183561452514,37.52009913419913,60.963718650793645
2009-08-19,2009-Q3,155.514286,86.87948938547486,89.0183561452514,37.86023506493507,60.963718650793645
2009-08-20,2009-Q3,161.428571,90.18355921787708,89.33758994413407,38.27458246753247,60.963718650793645
2009-08-21,2009-Q3,164.028571,91.63607318435754,89.5051877094972,38.41063701298702,60.963718650793645
2009-08-24,2009-Q3,171.571429,95.84996033519552,89.64884273743016,38.58379718614719,60.963718650793645
2009-08-25,2009-Q3,175.142857,97.84517150837988,89.84836368715082,38.75077294372294,60.963718650793645
2009-08-26,2009-Q3,177.742857,99.29768547486032,89.96807653631285,39.18985779220779,60.963718650793645
2009-08-27,2009-Q3,176.628571,98.67517932960894,90.0558659217877,39.616574025974025,60.963718650793645
2009-08-28,2009-Q3,184.285714,102.95291284916202,90.15961675977653,39.616574025974025,60.963718650793645
2009-08-31,2009-Q3,185.285714,103.51157206703913,90.19952094972066,39.77118116883118,60.963718650793645
2009-09-01,2009-Q3,178.771429,84.32614575471698,90.19952094972066,39.95670995670996,60.963718650793645
2009-09-02,2009-Q3,177.2,83.58490566037734,90.19952094972066,40.037105844155846,60.963718650793645
2009-09-03,2009-Q3,177.257143,83.61185990566038,90.19952094972066,40.14842294372294,60.963718650793645
2009-09-04,2009-Q3,180.371429,85.08086273584905,90.19952094972066,40.309214502164494,60.963718650793645
2009-09-07,2009-Q3,182.514286,86.09164433962263,90.19952094972066,40.66790346320346,60.963718650793645
2009-09-08,2009-Q3,184.114286,86.84636132075471,90.19952094972066,40.933828138528135,60.963718650793645
2009-09-09,2009-Q3,178.6,84.24528301886792,90.19952094972066,41.19975281385281,60.963718650793645
2009-09-10,2009-Q3,176.371429,83.19407028301886,90.19952094972066,41.50278311688312,60.963718650793645
2009-09-11,2009-Q3,174.742857,82.42587594339622,90.19952094972066,41.62646883116883,60.963718650793645
2009-09-14,2009-Q3,175.257143,82.66846367924529,90.19952094972066,41.75633896103896,60.963718650793645
2009-09-15,2009-Q3,181.514286,85.6199462264151,90.19952094972066,42.31292532467533,60.963718650793645
2009-09-16,2009-Q3,179.085714,84.4743933962264,90.19952094972066,43.17872619047619,60.963718650793645
2009-09-17,2009-Q3,179.085714,84.4743933962264,90.19952094972066,43.58070519480519,60.963718650793645
2009-09-18,2009-Q3,176.657143,83.32884103773584,90.19952094972066,47.10575151515151,60.963718650793645
2009-09-21,2009-Q3,176.657143,83.32884103773584,90.19952094972066,52.96227575757575,60.963718650793645
2009-09-22,2009-Q3,179.028571,84.4474391509434,90.19952094972066,58.7074829004329,60.963718650793645
2009-09-23,2009-Q3,183.571429,86.5902966981132,90.19952094972066,62.12739632034632,60.963718650793645
2009-09-24,2009-Q3,183.657143,86.63072783018868,90.19952094972066,62.75200974025974,60.963718650793645
2009-09-25,2009-Q3,181.628571,85.67385424528301,90.19952094972066,63.42609761904762,60.963718650793645
2009-09-28,2009-Q3,181.628571,85.67385424528301,90.19952094972066,63.59307359307358,60.963718650793645
2009-09-29,2009-Q3,178.114286,84.01617264150943,90.19952094972066,64.05689545454545,60.963718650793645
2009-09-30,2009-Q3,179.228571,84.5417787735849,90.19952094972066,64.48361147186148,60.963718650793645
2009-10-01,2009-Q4,183.914286,86.75202169811321,90.19952094972066,64.73098311688312,60.963718650793645
2009-10-02,2009-Q4,183.914286,86.75202169811321,90.19952094972066,73.68665463836479,60.963718650793645
2009-10-05,2009-Q4,179.628571,84.73045801886792,90.19952094972066,82.54716981132076,60.963718650793645
2009-10-06,2009-Q4,177.657143,83.8005391509434,90.19952094972066,82.93126698113207,60.963718650793645
2009-10-07,2009-Q4,185.914286,87.6954179245283,90.07980837988823,83.26145566037735,60.963718650793645
2009-10-08,2009-Q4,183.114286,86.37466320754716,89.85634469273742,83.32884103773584,60.963718650793645
2009-10-09,2009-Q4,183.228571,86.42857122641509,89.64884273743016,83.4568733490566,60.963718650793645
2009-10-12,2009-Q4,193.971429,91.4959570754717,89.64884273743016,83.59838278301886,60.963718650793645
2009-10-13,2009-Q4,193.971429,91.4959570754717,89.64884273743016,83.70619952830188,60.963718650793645
2009-10-14,2009-Q4,205.142857,96.76549858490566,89.64884273743016,83.90835589622641,60.963718650793645
2009-10-15,2009-Q4,204.371429,96.40161745283018,89.64884273743016,84.13072783018868,60.963718650793645
2009-10-16,2009-Q4,208.885714,98.53099716981131,89.64884273743016,84.28571438679245,60.963718650793645
2009-10-17,2009-Q4,210.114286,99.11051226415094,89.64884273743016,84.38679245283018,60.963718650793645
2009-10-19,2009-Q4,210.114286,99.11051226415094,89.64884273743016,84.4609162735849,60.963718650793645
2009-10-20,2009-Q4,204.657143,96.53638820754716,89.85634469273742,84.4743933962264,60.963718650793645
2009-10-21,2009-Q4,196.171429,92.5336929245283,90.07980837988823,84.50808608490564,60.963718650793645
2009-10-22,2009-Q4,194.257143,91.63072783018868,90.19952094972066,84.56139218008855,60.963718650793645
2009-10-23,2009-Q4,197.942857,93.36927216981132,90.32721452513964,84.65573180273006,60.963718650793645
2009-10-26,2009-Q4,193.2,91.1320754716981,90.6703910614525,84.90566037735849,60.963718650793645
2009-10-27,2009-Q4,193.485714,91.2668462264151,90.6703910614525,85.34170818356698,60.963718650793645
2009-10-28,2009-Q4,206.371429,97.34501367924528,90.6703910614525,85.61124992885,60.963718650793645
2009-10-29,2009-Q4,211.657143,99.838275,90.6703910614525,85.64690023584905,60.963718650793645
2009-10-30,2009-Q4,218.542857,103.0862533018868,90.6703910614525,85.67385424528301,60.963718650793645
2009-11-02,2009-Q4,218.542857,103.0862533018868,90.6703910614525,85.88274929245281,60.963718650793645
2009-11-03,2009-Q4,207.485714,97.87061981132076,90.6703910614525,86.10248613629176,60.963718650793645
2009-11-04,2009-Q4,207.171429,97.72237216981132,90.6703910614525,86.24399557025401,60.963718650793645
2009-11-05,2009-Q4,212.428571,100.20215613207549,90.6703910614525,86.38765087751659,60.963718650793645
2009-11-06,2009-Q4,219.514286,103.54447452830188,90.6703910614525,86.41460488695056,60.963718650793645
2009-11-09,2009-Q4,220.114286,103.8274933962264,90.6703910614525,86.50943396226415,60.963718650793645
2009-11-10,2009-Q4,225.342857,106.2938004716981,90.6703910614525,86.61051226415094,60.963718650793645
2009-11-11,2009-Q4,228.685714,107.87061981132076,90.97366340782122,86.69137476415094,60.963718650793645
2009-11-12,2009-Q4,225.514286,106.37466320754716,91.08878326657532,86.75202169811321,60.963718650793645
2009-11-13,2009-Q4,230.4,108.67924528301889,91.1994608490566,86.79919150943397,60.963718650793645
2009-11-16,2009-Q4,226.142857,106.67115896226414,91.34770886739749,86.85494434752819,60.963718650793645
2009-11-17,2009-Q4,234.514286,110.61994622641508,91.3814016509434,86.87150837988827,60.963718650793645
2009-11-18,2009-Q4,232.742857,109.78436650943397,91.4959570754717,86.87948938547486,60.963718650793645
2009-11-19,2009-Q4,225.685714,106.45552547169812,91.4959570754717,86.9832402234637,60.963718650793645
2009-11-20,2009-Q4,223.228571,105.29649575471696,91.4959570754717,87.29449301675979,60.963718650793645
2009-11-23,2009-Q4,221.428571,104.4474391509434,91.4959570754717,87.5259377094972,60.963718650793645
2009-11-24,2009-Q4,217.914286,102.7897575471698,91.4959570754717,87.59776536312849,60.963718650793645
2009-11-25,2009-Q4,230.057143,108.51752028301884,91.4959570754717,87.67053410192895,60.963718650793645
2009-11-26,2009-Q4,225.142857,106.1994608490566,91.4959570754717,88.11746147623063,60.963718650793645
2009-11-27,2009-Q4,221.8,104.62264150943396,91.4959570754717,88.67517960893855,60.963718650793645
2009-11-30,2009-Q4,225.342857,106.2938004716981,91.4959570754717,89.0183561452514,60.963718650793645
2009-12-01,2009-Q4,232.228571,110.06093412322276,91.4959570754717,89.33758994413407,60.963718650793645
2009-12-02,2009-Q4,232.0,109.95260663507108,91.4959570754717,89.5051877094972,60.963718650793645
2009-12-03,2009-Q4,229.457143,108.74746113744077,91.4959570754717,89.64884273743016,60.963718650793645
2009-12-04,2009-Q4,227.942857,108.02979004739338,91.4959570754717,89.84836368715082,60.963718650793645
2009-12-07,2009-Q4,224.771429,106.52674360189576,91.56334245283018,89.96807653631285,60.963718650793645
2009-12-08,2009-Q4,225.742857,106.98713601895734,91.63340050727312,90.0558659217877,60.963718650793645
2009-12-09,2009-Q4,219.857143,104.1976981042654,92.08488305444293,90.15961675977653,60.963718650793645
2009-12-10,2009-Q4,225.514286,106.8788085308057,92.9514825471698,90.19952094972066,60.963718650793645
2009-12-11,2009-Q4,228.742857,108.40893696682464,94.60961625250344,90.32721452513964,60.963718650793645
2009-12-14,2009-Q4,234.085714,110.94109668246446,96.12578889401286,90.6703910614525,60.963718650793645
2009-12-15,2009-Q4,231.428571,109.68178720379149,96.46900283018869,90.97366340782122,60.963718650793645
2009-12-16,2009-Q4,231.857143,109.8849018957346,96.6509433962264,91.08539525139663,60.963718650793645
2009-12-17,2009-Q4,239.714286,113.6086663507109,97.05525613207548,91.12868745651944,60.963718650793645
2009-12-18,2009-Q4,231.8,109.85781990521328,97.53369292452832,91.1994608490566,60.963718650793645
2009-12-21,2009-Q4,228.914286,108.49018293838864,97.7837718390956,91.2838619400232,60.963718650793645
2009-12-22,2009-Q4,230.628571,109.3026402843602,97.85789565985031,91.36472458100558,60.963718650793645
2009-12-23,2009-Q4,232.857143,110.35883554502372,98.20080849056605,91.46226429192578,60.963718650793645
2009-12-24,2009-Q4,240.8,114.12322274881518,98.60308824971013,91.4959570754717,60.963718650793645
2009-12-25,2009-Q4,240.8,114.12322274881518,98.89284579687994,91.56334245283018,60.963718650793645
2009-12-28,2009-Q4,240.8,114.12322274881518,99.11051226415094,91.63340050727312,60.963718650793645
2009-12-29,2009-Q4,242.371429,114.8679758293839,99.11051226415094,91.78770949720668,60.963718650793645
2009-12-30,2009-Q4,237.142857,112.38997962085308,99.47439363207548,92.13088603351954,60.963718650793645
2009-12-31,2009-Q4,244.171429,115.72105639810428,99.47439363207548,92.42617709497203,60.963718650793645
2010-01-01,2010-Q1,244.171429,115.72105639810428,99.47439363207548,92.52992793296087,60.963718650793645
2010-01-04,2010-Q1,248.457143,117.75220047393366,100.02021556603772,92.5318104287446,60.963718650793645
2010-01-05,2010-Q1,248.657143,117.84698720379149,101.49595683962264,92.56373389243174,60.963718650793645
2010-01-06,2010-Q1,250.142857,118.55111706161138,102.9380054245283,92.5937748603352,60.963718650793645
2010-01-07,2010-Q1,241.714286,114.5565336492891,103.0862533018868,92.73743016759778,60.963718650793645
2010-01-08,2010-Q1,238.057143,112.82329052132702,103.31536391509434,93.05666396648044,60.963718650793645
2010-01-11,2010-Q1,236.114286,111.90250521327016,103.68598396226416,93.24022346368716,60.963718650793645
2010-01-12,2010-Q1,246.971429,117.04807061611376,104.01259575024592,93.24820446927374,60.963718650793645
2010-01-13,2010-Q1,241.4,114.40758293838864,104.3225686276044,93.29608938547486,60.963718650793645
2010-01-14,2010-Q1,243.428571,115.36899099526067,104.53504033018868,93.35662323574364,60.963718650793645
2010-01-15,2010-Q1,239.914286,113.70345308056874,104.95956863207546,93.37258496758722,60.963718650793645
2010-01-18,2010-Q1,237.914286,112.75558578199052,105.74797830188676,93.41580195530726,60.963718650793645
2010-01-19,2010-Q1,237.685714,112.64725781990522,106.24663066037736,93.66320810055863,60.963718650793645
2010-01-20,2010-Q1,242.371429,114.8679758293839,106.2938004716981,93.89465279329607,60.963718650793645
2010-01-21,2010-Q1,234.257143,111.02234265402844,106.33423183962265,93.98244217877094,60.963718650793645
2010-01-22,2010-Q1,235.457143,111.59106303317536,106.41509433962264,94.0702312849162,60.963718650793645
2010-01-25,2010-Q1,239.857143,113.6763710900474,106.49113453679696,94.11013547486031,60.963718650793645
2010-01-26,2010-Q1,239.857143,113.6763710900474,106.59895128207997,94.2059058659218,60.963718650793645
2010-01-27,2010-Q1,226.914286,107.54231563981044,106.77498374653491,94.47725474860336,61.37188214285714
2010-01-28,2010-Q1,243.657143,115.47731895734596,106.93297227488152,94.676775698324,62.07792207792208
2010-01-29,2010-Q1,247.971429,117.52200426540286,107.26472582938388,94.70869916201116,62.17687056277056
2010-02-01,2010-Q1,251.8,119.33649289099527,107.7064677255656,94.87629692737428,63.32714891774892
2010-02-02,2010-Q1,246.514286,116.83141516587678,107.95020492935708,95.21947318435755,63.52504632034631
2010-02-03,2010-Q1,245.485714,116.3439402843602,108.219363507109,95.57063044692738,63.66110086580086
2010-02-04,2010-Q1,239.4,113.45971563981044,108.44955995260663,95.76217067039106,64.45269004329005
2010-02-05,2010-Q1,237.371429,112.4983075829384,108.50385161070376,95.82601759776536,64.5145329004329
2010-02-06,2010-Q1,238.942857,113.24306018957348,108.59838278301886,95.95371117318436,64.94743333333334
2010-02-08,2010-Q1,237.571429,112.5930943127962,108.71335321022984,96.22953973200168,82.42587594339622
2010-02-09,2010-Q1,243.114286,115.22004075829383,109.02505071090047,96.46900283018869,82.66846367924529
2010-02-10,2010-Q1,239.085714,113.31076492890996,109.49221374407584,96.55231226019816,83.19407028301886
2010-02-11,2010-Q1,237.342857,112.48476635071091,109.73307685661273,96.63208296089384,83.32884103773584
2010-02-12,2010-Q1,237.342857,112.48476635071091,109.82109320732364,96.7307140969221,83.32884103773584
2010-02-15,2010-Q1,239.857143,113.6763710900474,109.87136090047396,96.86638867792767,83.58490566037734
2010-02-16,2010-Q1,237.028571,112.33581563981043,109.91875426540284,97.1561462250975,83.61185990566038
2010-02-17,2010-Q1,236.857143,112.2545701421801,110.00677037914691,97.3955713647623,83.8005391509434
2010-02-18,2010-Q1,232.171429,110.03385260663508,110.04739336492892,97.58425061004532,84.01617264150943
2010-02-19,2010-Q1,230.485714,109.2349355450237,110.04739336492892,97.7837718390956,84.24528301886792
2010-02-22,2010-Q1,227.057143,107.61002037914692,110.04739336492892,97.85789565985031,84.32614575471698
2010-02-23,2010-Q1,226.457143,107.32566018957348,110.04739336492892,98.20080849056605,84.4474391509434
2010-02-24,2010-Q1,228.257143,108.17874075829386,110.04739336492892,98.60308824971013,84.4743933962264
2010-02-25,2010-Q1,235.2,111.4691943127962,110.20988483412324,98.89284579687994,84.4743933962264
2010-02-26,2010-Q1,237.942857,112.76912654028438,110.4893908857194,99.11051226415094,84.5417787735849
2010-03-01,2010-Q1,237.942857,66.09523805555555,110.4893908857194,99.11051226415094,84.5417787735849
2010-03-02,2010-Q1,254.885714,70.80158722222222,110.4893908857194,99.11051226415094,84.5417787735849
2010-03-03,2010-Q1,253.085714,70.30158722222222,110.4893908857194,99.11051226415094,84.5417787735849
2010-03-04,2010-Q1,256.942857,71.37301583333333,110.4893908857194,99.11051226415094,84.5417787735849
2010-03-05,2010-Q1,252.971429,70.26984138888889,110.4893908857194,99.11051226415094,84.5417787735849
2010-03-08,2010-Q1,249.85,69.40277777777777,110.4893908857194,99.11051226415094,84.5417787735849
2010-03-09,2010-Q1,246.05,68.34722222222223,110.4893908857194,99.11051226415094,84.5417787735849
2010-03-10,2010-Q1,244.25,67.84722222222221,110.4893908857194,99.11051226415094,84.5417787735849
2010-03-11,2010-Q1,242.2,67.27777777777777,110.4893908857194,99.11051226415094,84.5417787735849
2010-03-12,2010-Q1,245.7,68.25,110.4893908857194,99.11051226415094,84.5417787735849
2010-03-15,2010-Q1,240.85,66.90277777777777,110.4893908857194,99.11051226415094,84.5417787735849
2010-03-16,2010-Q1,244.9,68.02777777777777,110.4893908857194,99.11051226415094,84.5417787735849
2010-03-17,2010-Q1,250.0,69.44444444444444,110.4893908857194,99.11051226415094,84.5417787735849
2010-03-18,2010-Q1,249.9,69.41666666666667,110.4893908857194,99.11051226415094,84.5417787735849
2010-03-19,2010-Q1,244.55,67.93055555555556,110.4893908857194,99.11051226415094,84.5417787735849
2010-03-22,2010-Q1,249.45,69.29166666666666,110.20988483412324,99.11051226415094,84.5417787735849
2010-03-23,2010-Q1,252.05,70.01388888888889,110.20988483412324,99.11051226415094,84.5417787735849
2010-03-24,2010-Q1,252.05,70.01388888888889,110.20988483412324,99.11051226415094,84.5417787735849
2010-03-25,2010-Q1,248.0,68.88888888888889,110.20988483412324,99.11051226415094,84.5417787735849
2010-03-26,2010-Q1,255.55,70.98611111111111,110.20988483412324,99.11051226415094,84.5417787735849
2010-03-29,2010-Q1,253.95,70.54166666666666,110.20988483412324,99.11051226415094,84.5417787735849
2010-03-30,2010-Q1,258.3,71.75,110.20988483412324,99.11051226415094,84.5417787735849
2010-03-31,2010-Q1,260.95,72.4861111111111,110.20988483412324,99.11051226415094,84.5417787735849
2010-04-01,2010-Q2,272.5,75.69444444444444,110.20988483412324,99.11051226415094,84.5417787735849
2010-04-02,2010-Q2,272.5,75.69444444444444,110.20988483412324,99.11051226415094,84.5417787735849
2010-04-05,2010-Q2,270.0,75.0,110.1963440758294,99.11051226415094,84.5417787735849
2010-04-06,2010-Q2,269.75,74.93055555555556,110.1963440758294,99.11051226415094,84.5417787735849
2010-04-07,2010-Q2,271.2,75.33333333333333,110.1963440758294,99.11051226415094,84.5417787735849
2010-04-08,2010-Q2,268.15,74.4861111111111,110.1963440758294,99.11051226415094,84.5417787735849
2010-04-09,2010-Q2,270.5,75.13888888888889,110.1963440758294,99.11051226415094,84.5417787735849
2010-04-12,2010-Q2,273.4,75.94444444444444,110.1963440758294,99.11051226415094,84.5417787735849
2010-04-13,2010-Q2,277.1,76.97222222222223,110.1963440758294,99.11051226415094,84.5417787735849
2010-04-14,2010-Q2,277.1,76.97222222222223,110.1963440758294,99.11051226415094,84.5417787735849
2010-04-15,2010-Q2,269.15,74.76388888888889,110.1963440758294,99.11051226415094,84.5417787735849
2010-04-16,2010-Q2,263.3,73.13888888888889,109.95937725118485,99.11051226415094,84.5417787735849
2010-04-19,2010-Q2,264.05,73.34722222222223,109.95937725118485,99.11051226415094,84.5417787735849
2010-04-20,2010-Q2,266.35,73.98611111111111,109.94583625592418,99.11051226415094,84.5417787735849
2010-04-21,2010-Q2,265.95,73.875,109.58023009478674,99.11051226415094,84.5417787735849
2010-04-22,2010-Q2,259.2,72.0,109.26878791469196,99.11051226415094,84.5417787735849
2010-04-23,2010-Q2,260.7,72.41666666666666,109.26878791469196,99.11051226415094,84.5417787735849
2010-04-26,2010-Q2,262.0,72.77777777777777,108.7068381516588,99.11051226415094,84.5417787735849
2010-04-27,2010-Q2,261.1,72.52777777777779,107.89438056872038,99.11051226415094,84.5417787735849
2010-04-28,2010-Q2,255.3,70.91666666666667,107.57616800947868,99.11051226415094,84.5417787735849
2010-04-29,2010-Q2,251.65,69.90277777777777,107.43398791469195,99.11051226415094,84.5417787735849
2010-04-30,2010-Q2,263.5,73.19444444444444,92.14894120589786,99.11051226415094,84.5417787735849
2010-05-03,2010-Q2,260.85,72.45833333333334,76.97222222222223,98.89284579687994,84.5417787735849
2010-05-04,2010-Q2,259.25,72.01388888888889,76.45833333333334,98.82075471698111,84.5417787735849
2010-05-05,2010-Q2,263.75,73.26388888888889,75.81944444444444,98.20080849056605,84.5417787735849
2010-05-06,2010-Q2,253.15,70.31944444444444,75.69444444444444,97.79649599056604,84.5417787735849
2010-05-07,2010-Q2,245.9,68.30555555555556,75.51388888888889,97.79649599056604,84.5417787735849
2010-05-10,2010-Q2,247.4,68.72222222222223,75.23611111111111,97.79649599056604,84.5417787735849
2010-05-11,2010-Q2,238.85,66.34722222222221,75.06944444444444,97.79649599056604,84.5417787735849
2010-05-12,2010-Q2,239.95,66.65277777777777,74.96527777777777,97.79649599056604,84.5417787735849
2010-05-13,2010-Q2,249.55,69.31944444444444,74.84722222222223,97.79649599056604,84.5417787735849
2010-05-14,2010-Q2,250.05,69.45833333333333,74.625,97.79649599056604,84.5417787735849
2010-05-17,2010-Q2,246.9,68.58333333333333,74.23611111111111,97.79649599056604,84.5417787735849
2010-05-18,2010-Q2,243.3,67.58333333333333,73.93055555555556,97.79649599056604,84.5417787735849
2010-05-19,2010-Q2,232.9,64.69444444444444,73.61111111111111,97.79649599056604,84.5417787735849
2010-05-20,2010-Q2,233.5,64.86111111111111,73.30555555555556,97.79649599056604,84.5417787735849
2010-05-21,2010-Q2,228.1,63.36111111111111,73.22916666666666,97.79649599056604,84.5417787735849
2010-05-24,2010-Q2,233.05,64.73611111111111,73.16666666666666,97.79649599056604,84.5417787735849
2010-05-25,2010-Q2,223.35,62.04166666666666,72.95833333333333,97.79649599056604,84.5417787735849
2010-05-26,2010-Q2,232.5,64.58333333333333,72.65277777777777,97.79649599056604,84.5417787735849
2010-05-27,2010-Q2,237.7,66.02777777777777,72.50694444444444,97.79649599056604,84.5417787735849
2010-05-28,2010-Q2,239.3,66.47222222222223,72.47222222222223,97.79649599056604,84.5417787735849
2010-05-31,2010-Q2,240.45,66.79166666666666,72.4375,97.79649599056604,84.5417787735849
2010-06-01,2010-Q2,240.8,108.46846846846846,72.4375,98.20080849056605,84.58100558659218
2010-06-02,2010-Q2,239.95,108.08558558558558,72.4375,98.82075471698111,84.73045801886792
2010-06-03,2010-Q2,249.4,112.34234234234232,72.4375,99.11051226415094,85.08086273584905
2010-06-04,2010-Q2,247.05,111.28378378378378,72.4375,99.47439363207548,85.6025536312849
2010-06-07,2010-Q2,241.75,108.89639639639638,72.4375,100.02021556603772,85.6199462264151
2010-06-08,2010-Q2,238.4,107.38738738738738,72.4375,101.49595683962264,85.67385424528301
2010-06-09,2010-Q2,238.1,107.25225225225223,72.4375,102.9380054245283,85.67385424528301
2010-06-10,2010-Q2,241.8,108.91891891891892,72.4375,103.0862533018868,86.09164433962263
2010-06-11,2010-Q2,244.4,110.09009009009009,72.4375,103.31536391509434,86.11332793296089
2010-06-14,2010-Q2,249.2,112.25225225225223,72.4375,103.68598396226416,86.37466320754716
2010-06-15,2010-Q2,255.1,114.9099099099099,72.4375,104.01259575024592,86.40063854748603
2010-06-16,2010-Q2,257.5,115.99099099099098,72.4375,104.3225686276044,86.42857122641509
2010-06-17,2010-Q2,260.15,117.18468468468468,72.4375,104.53504033018868,86.5902966981132
2010-06-18,2010-Q2,253.0,113.96396396396396,72.4375,104.95956863207546,86.63072783018868
2010-06-21,2010-Q2,255.1,114.9099099099099,72.4375,105.74797830188676,86.75202169811321
2010-06-22,2010-Q2,253.25,114.07657657657656,72.4375,106.24663066037736,86.75202169811321
2010-06-23,2010-Q2,255.05,114.88738738738738,72.4375,106.2938004716981,86.84636132075471
2010-06-24,2010-Q2,256.85,115.6981981981982,72.4375,106.33423183962265,86.86352737430167
2010-06-25,2010-Q2,255.05,114.88738738738738,72.4375,106.41509433962264,86.87948938547486
2010-06-28,2010-Q2,265.05,119.39189189189187,72.4375,106.49113453679696,86.87948938547486
2010-06-29,2010-Q2,265.2,119.45945945945944,72.4375,106.59895128207997,87.08699106145252
2010-06-30,2010-Q2,257.8,116.12612612612612,72.4375,106.77498374653491,87.50199497206704
2010-07-01,2010-Q3,257.3,115.9009009009009,72.4375,106.93297227488152,87.54988044692736
2010-07-02,2010-Q3,251.65,113.35585585585584,72.4375,107.1196941356048,87.64565027932962
2010-07-05,2010-Q3,252.1,113.55855855855854,72.47222222222223,107.28895622091288,87.6954179245283
2010-07-06,2010-Q3,252.25,113.62612612612612,72.50694444444444,107.35652378848044,88.53950502793296
2010-07-07,2010-Q3,249.0,112.16216216216216,72.65277777777777,107.46485151359892,88.81085418994414
2010-07-08,2010-Q3,248.05,111.73423423423424,72.95833333333333,107.57616800947868,89.22585810055865
2010-07-09,2010-Q3,251.35,113.2207207207207,73.16666666666666,107.74032009523384,89.4493217877095
2010-07-12,2010-Q3,260.75,117.45495495495494,73.22916666666666,107.95020492935708,89.56105363128492
2010-07-13,2010-Q3,265.05,119.39189189189187,73.30555555555556,108.05768781648948,89.73663184357541
2010-07-14,2010-Q3,265.1,119.4144144144144,73.61111111111111,108.13216317193972,89.96009553072625
2010-07-15,2010-Q3,263.3,118.6036036036036,73.93055555555556,108.29383886255926,89.97605754189944
2010-07-16,2010-Q3,271.75,122.4099099099099,74.23611111111111,108.43870271764656,90.13567430167598
2010-07-19,2010-Q3,270.15,121.68918918918916,74.625,108.47932570342854,90.18355921787708
2010-07-20,2010-Q3,265.6,119.63963963963964,74.84722222222223,108.50385161070376,90.21548268156424
2010-07-21,2010-Q3,282.35,127.18468468468468,74.96527777777777,108.59838278301886,90.43894636871508
2010-07-22,2010-Q3,289.5,130.4054054054054,75.06944444444444,108.6324907102298,90.90183575418992
2010-07-23,2010-Q3,288.5,129.95495495495496,75.23611111111111,108.82192876691856,91.04549106145252
2010-07-26,2010-Q3,283.75,127.8153153153153,75.51388888888889,108.82192876691856,91.12529944134076
2010-07-27,2010-Q3,275.15,123.94144144144144,75.69444444444444,108.82192876691856,91.1320754716981
2010-07-28,2010-Q3,276.3,124.45945945945944,75.81944444444444,108.90765765765764,91.2668462264151
2010-07-29,2010-Q3,276.0,124.32432432432432,76.45833333333334,109.07692723197133,91.30087765363128
2010-07-30,2010-Q3,276.55,124.57207207207206,76.97222222222223,109.26878791469196,91.42857150837987
2010-08-02,2010-Q3,277.65,125.06756756756756,92.11223723723722,109.49221374407584,91.4959570754717
2010-08-03,2010-Q3,275.25,123.98648648648648,107.3198198198198,109.76980355450236,91.4959570754717
2010-08-04,2010-Q3,281.4,126.75675675675672,107.73648648648648,109.87136090047396,91.63072783018868
2010-08-05,2010-Q3,284.7,128.24324324324323,108.27702702702702,109.91875426540284,91.63607318435754
2010-08-06,2010-Q3,281.0,126.57657657657656,108.68243243243242,109.99322962085309,91.93934581005584
2010-08-09,2010-Q3,282.85,127.40990990990991,108.90765765765764,109.99322962085309,92.32242625698323
2010-08-10,2010-Q3,282.6,127.29729729729728,109.5045045045045,110.0619713483626,92.52992793296087
2010-08-11,2010-Q3,282.7,127.34234234234232,110.68693693693692,110.22446281755693,92.52992793296087
2010-08-12,2010-Q3,283.15,127.54504504504504,111.509009009009,110.64996611374409,92.5336929245283
2010-08-13,2010-Q3,287.05,129.3018018018018,111.9481981981982,110.98171966824646,92.5937748603352
2010-08-16,2010-Q3,289.65,130.47297297297294,112.2072072072072,111.15306321890613,92.5937748603352
2010-08-17,2010-Q3,289.45,130.38288288288285,112.29729729729728,111.37648904828998,92.88108547486034
2010-08-18,2010-Q3,289.8,130.54054054054055,112.78153153153151,111.53012867298578,93.23224245810056
2010-08-19,2010-Q3,293.1,132.02702702702703,113.28828828828829,111.6626486337048,93.24820446927374
2010-08-20,2010-Q3,285.25,128.49099099099098,113.4572072072072,111.8183697237522,93.24820446927374
2010-08-23,2010-Q3,287.2,129.36936936936937,113.59234234234232,112.03233368771616,93.34397430167596
2010-08-24,2010-Q3,285.05,128.4009009009009,113.79504504504504,112.2072072072072,93.36927216981132
2010-08-25,2010-Q3,289.05,130.2027027027027,114.02027027027026,112.2072072072072,93.37589776536312
2010-08-26,2010-Q3,305.95,137.8153153153153,114.48198198198196,112.25341119721617,93.4557061452514
2010-08-27,2010-Q3,298.35,134.3918918918919,114.88738738738738,112.29519289099528,93.87071005586591
2010-08-30,2010-Q3,301.0,135.58558558558556,114.89864864864865,112.33907899107638,93.91859553072624
2010-08-31,2010-Q3,296.3,133.46846846846847,114.9099099099099,112.3661609815977,94.04628882681564
2010-09-01,2010-Q3,299.95,121.43724696356274,115.30405405405403,112.3661609815977,94.09417374301675
2010-09-02,2010-Q3,301.35,122.00404858299596,115.79954954954954,112.3661609815977,94.1260972067039
2010-09-03,2010-Q3,303.9,123.03643724696354,115.94594594594594,112.3661609815977,94.28571452513968
2010-09-06,2010-Q3,305.05,123.50202429149796,116.05855855855856,112.3661609815977,94.66879497206703
2010-09-07,2010-Q3,313.8,127.04453441295546,116.6554054054054,112.4135543465266,94.684756424581
2010-09-08,2010-Q3,307.25,124.39271255060729,117.3198198198198,112.4135543465266,94.73264189944132
2010-09-09,2010-Q3,304.0,123.07692307692308,118.02927927927928,112.4135543465266,95.01995195530726
2010-09-10,2010-Q3,304.0,123.07692307692308,118.99774774774774,112.4135543465266,95.41899441340784
2010-09-13,2010-Q3,309.85,125.44534412955466,119.39189189189187,112.4135543465266,95.72226648044692
2010-09-14,2010-Q3,307.4,124.45344129554654,119.40315315315314,112.4135543465266,95.8020748603352
2010-09-15,2010-Q3,307.05,124.31174089068826,119.43693693693692,112.4135543465266,95.84996033519552
2010-09-16,2010-Q3,312.85,126.65991902834008,119.54954954954954,112.4135543465266,96.0574620111732
2010-09-17,2010-Q3,312.7,126.5991902834008,120.5384433016012,112.48476635071091,96.40161745283018
2010-09-20,2010-Q3,309.9,125.4655870445344,121.56321807637596,112.48476635071091,96.53638820754716
2010-09-21,2010-Q3,309.5,125.30364372469634,121.84661888609256,112.48476635071091,96.56823631284917
2010-09-22,2010-Q3,309.4,125.26315789473682,122.20697924645292,112.48476635071091,96.69592960893854
2010-09-23,2010-Q3,317.45,128.52226720647772,122.72317357843671,112.48476635071091,96.76549858490566
2010-09-24,2010-Q3,320.4,129.71659919028338,123.05668016194332,112.48476635071091,96.96727877094972
2010-09-27,2010-Q3,319.15,129.21052631578945,123.07692307692308,112.48476635071091,97.34501367924528
2010-09-28,2010-Q3,316.15,127.99595141700402,123.28947368421052,112.48476635071091,97.44612905027932
2010-09-29,2010-Q3,315.45,127.71255060728744,123.7217328664697,112.49153696682464,97.72237216981132
2010-09-30,2010-Q3,312.7,126.5991902834008,123.96396396396396,112.54570094786727,97.84517150837988
2010-10-01,2010-Q4,317.8,128.66396761133603,124.14911368858736,112.54570094786727,97.87061981132076
2010-10-04,2010-Q4,317.05,128.36032388663966,124.3180326075063,112.54570094786727,98.53099716981131
2010-10-05,2010-Q4,314.95,127.51012145748986,124.3585184374658,112.68111042654029,98.67517932960894
2010-10-06,2010-Q4,328.15,132.85425101214574,124.4230769230769,112.68111042654029,99.11051226415094
2010-10-07,2010-Q4,333.8,135.14170040485828,124.456450377503,112.68111042654029,99.11051226415094
2010-10-08,2010-Q4,323.0,130.76923076923077,124.51576576576576,112.68111042654029,99.29768547486032
2010-10-11,2010-Q4,322.35,130.50607287449392,124.8198198198198,112.68111042654029,99.838275
2010-10-12,2010-Q4,317.5,128.54251012145747,125.1653627311522,112.68111042654029,100.20215613207549
2010-10-13,2010-Q4,318.25,128.84615384615384,125.28340080971658,112.68111042654029,102.7897575471698
2010-10-14,2010-Q4,324.7,131.4574898785425,125.3744939271255,112.99492363050254,102.95291284916202
2010-10-15,2010-Q4,315.15,127.59109311740887,125.45546558704451,112.99492363050254,103.0862533018868
2010-10-18,2010-Q4,308.95,125.08097165991902,125.45546558704451,113.26574282481532,103.0862533018868
2010-10-19,2010-Q4,306.3,124.0080971659919,125.45546558704451,113.26574282481532,103.51157206703913
2010-10-20,2010-Q4,310.85,125.8502024291498,125.65789473684212,113.28828828828829,103.54447452830188
2010-10-21,2010-Q4,320.95,129.9392712550607,126.21338950286318,113.4572072072072,103.8274933962264
2010-10-22,2010-Q4,323.3,130.8906882591093,126.58788342998868,113.59234234234232,104.1976981042654
2010-10-25,2010-Q4,322.05,130.3846153846154,126.5991902834008,113.59234234234232,104.4474391509434
2010-10-26,2010-Q4,326.45,132.16599190283398,126.62955465587044,113.79504504504504,104.62264150943396
2010-10-27,2010-Q4,320.05,129.5748987854251,126.7083378925484,114.02027027027026,105.29649575471696
2010-10-28,2010-Q4,326.45,132.16599190283398,126.90064558485608,114.48198198198196,106.1994608490566
2010-10-29,2010-Q4,317.95,128.7246963562753,127.11460954882008,114.88738738738738,106.2938004716981
2010-11-01,2010-Q4,326.05,132.00404858299595,127.24099099099098,114.89864864864865,106.2938004716981
2010-11-02,2010-Q4,330.7,133.88663967611333,127.3198198198198,114.9099099099099,106.37466320754716
2010-11-03,2010-Q4,328.7,133.07692307692307,127.37612612612612,115.30405405405403,106.45552547169812
2010-11-04,2010-Q4,330.35,133.74493927125505,127.46001568369988,115.79954954954954,106.52674360189576
2010-11-05,2010-Q4,329.2,133.27935222672062,127.52758325126746,115.94594594594594,106.67115896226414
2010-11-08,2010-Q4,324.65,131.43724696356273,127.56806908122697,116.05855855855856,106.8788085308057
2010-11-09,2010-Q4,337.05,136.4574898785425,127.65182186234816,116.6554054054054,106.98713601895734
2010-11-10,2010-Q4,328.7,133.07692307692307,127.76393296130138,117.3198198198198,107.25225225225223
2010-11-11,2010-Q4,327.25,132.4898785425101,127.90563336615966,118.02927927927928,107.32566018957348
2010-11-12,2010-Q4,325.9,131.94331983805665,128.1195973301236,118.99774774774774,107.38738738738738
2010-11-15,2010-Q4,322.0,130.3643724696356,128.30178356494145,119.39189189189187,107.54231563981044
2010-11-16,2010-Q4,318.75,129.04858299595142,128.38061239377026,119.40315315315314,107.61002037914692
2010-11-17,2010-Q4,318.75,129.04858299595142,128.44594594594594,119.43693693693692,107.87061981132076
2010-11-18,2010-Q4,330.0,133.60323886639674,128.50662909873435,119.54954954954954,108.02979004739338
2010-11-19,2010-Q4,328.8,133.1174089068826,128.5323886639676,120.5384433016012,108.08558558558558
2010-11-22,2010-Q4,330.9,133.96761133603238,128.60323886639674,121.56321807637596,108.17874075829386
2010-11-23,2010-Q4,333.65,135.08097165991902,128.69433198380568,121.84661888609256,108.40893696682464
2010-11-24,2010-Q4,339.8,137.57085020242914,128.78542510121457,122.20697924645292,108.46846846846846
2010-11-25,2010-Q4,342.15,138.52226720647772,128.78542510121457,122.72317357843671,108.49018293838864
2010-11-26,2010-Q4,334.35,135.36437246963564,128.78542510121457,123.05668016194332,108.51752028301884
2010-11-29,2010-Q4,330.05,133.6234817813765,128.94736842105263,123.07692307692308,108.67924528301889
2010-11-30,2010-Q4,335.05,135.6477732793522,129.04858299595142,123.28947368421052,108.74746113744077
2010-12-01,2010-Q4,337.8,123.28467153284672,129.04858299595142,123.39334791217236,108.89639639639638
2010-12-02,2010-Q4,340.75,124.36131386861312,129.04858299595142,123.7217328664697,108.91891891891892
2010-12-03,2010-Q4,338.9,123.68613138686128,129.04858299595142,123.81378641415137,109.2349355450237
2010-12-06,2010-Q4,337.85,123.3029197080292,129.04858299595142,123.81378641415137,109.3026402843602
2010-12-07,2010-Q4,332.9,121.49635036496348,129.04858299595142,123.81378641415137,109.68178720379149
2010-12-08,2010-Q4,327.9,119.67153284671532,129.04858299595142,123.81378641415137,109.78436650943397
2010-12-09,2010-Q4,325.1,118.64963503649636,129.04858299595142,123.81378641415137,109.85781990521328
2010-12-10,2010-Q4,321.8,117.44525547445257,129.04858299595142,123.81378641415137,109.8849018957346
2010-12-13,2010-Q4,322.05,117.53649635036496,129.04858299595142,123.81378641415137,109.95260663507108
2010-12-14,2010-Q4,323.6,118.10218978102188,129.04858299595142,123.81378641415137,110.03385260663508
2010-12-15,2010-Q4,328.0,119.70802919708028,129.04858299595142,123.81378641415137,110.06093412322276
2010-12-16,2010-Q4,330.15,120.492700729927,129.04858299595142,123.81378641415137,110.09009009009009
2010-12-17,2010-Q4,330.15,120.492700729927,128.94736842105263,123.81378641415137,110.35883554502372
2010-12-20,2010-Q4,331.15,120.85766423357664,128.78542510121457,123.81378641415137,110.61994622641508
2010-12-21,2010-Q4,325.8,118.90510948905109,128.69433198380568,123.81378641415137,110.94109668246446
2010-12-22,2010-Q4,320.65,117.02554744525546,128.60323886639674,123.81378641415137,111.02234265402844
2010-12-23,2010-Q4,315.05,114.98175182481752,128.5323886639676,123.81378641415137,111.28378378378378
2010-12-24,2010-Q4,312.75,114.14233576642334,128.5323886639676,123.81378641415137,111.4691943127962
2010-12-27,2010-Q4,309.45,112.93795620437956,128.4615840536893,123.81378641415137,111.59106303317536
2010-12-28,2010-Q4,307.3,112.15328467153284,128.4412955465587,123.81378641415137,111.73423423423424
2010-12-29,2010-Q4,310.4,113.2846715328467,128.17813765182183,123.81378641415137,111.90250521327016
2010-12-30,2010-Q4,305.95,111.66058394160582,127.85425101214574,123.81378641415137,111.90250521327016
2010-12-31,2010-Q4,309.95,113.12043795620436,127.65182186234816,123.81378641415137,112.15328467153284
2011-01-03,2011-Q1,310.7,113.3941605839416,127.55060728744937,123.81378641415137,112.16216216216216
2011-01-04,2011-Q1,309.95,113.12043795620436,127.27732793522266,123.81378641415137,112.25225225225223
2011-01-05,2011-Q1,306.7,111.93430656934304,127.27732793522266,123.81378641415137,112.25225225225223
2011-01-06,2011-Q1,304.15,111.00364963503648,127.27732793522266,123.81378641415137,112.25225225225223
2011-01-07,2011-Q1,299.45,109.2883211678832,127.27732793522266,123.81378641415137,112.25225225225223
2011-01-10,2011-Q1,297.6,108.6131386861314,127.27732793522266,123.81378641415137,112.25225225225223
2011-01-11,2011-Q1,294.05,107.31751824817518,127.08502024291496,123.81378641415137,112.25225225225223
2011-01-12,2011-Q1,291.45,106.36861313868611,127.08502024291496,123.81378641415137,112.25225225225223
2011-01-13,2011-Q1,293.3,107.04379562043796,127.08502024291496,123.81378641415137,112.25225225225223
2011-01-14,2011-Q1,284.5,103.83211678832116,127.08502024291496,123.81378641415137,112.25225225225223
2011-01-17,2011-Q1,288.4,105.25547445255472,127.08502024291496,123.81378641415137,112.25225225225223
2011-01-18,2011-Q1,288.2,105.1824817518248,127.08502024291496,123.81378641415137,112.25225225225223
2011-01-19,2011-Q1,288.9,105.43795620437956,127.08502024291496,123.81378641415137,112.25225225225223
2011-01-20,2011-Q1,278.4,101.60583941605836,127.05465587044532,123.81378641415137,112.25225225225223
2011-01-21,2011-Q1,283.8,103.57664233576642,127.05465587044532,123.81378641415137,112.25225225225223
2011-01-24,2011-Q1,285.0,104.01459854014598,127.05465587044532,123.81378641415137,112.25225225225223
2011-01-25,2011-Q1,280.05,102.2080291970803,127.05465587044532,123.81378641415137,112.25225225225223
2011-01-26,2011-Q1,280.05,102.2080291970803,127.05465587044532,123.81378641415137,112.25225225225223
2011-01-27,2011-Q1,279.05,101.84306569343066,126.2246963562753,123.81378641415137,112.25225225225223
2011-01-28,2011-Q1,262.65,95.85766423357664,125.4655870445344,123.81378641415137,112.25225225225223
2011-01-31,2011-Q1,278.55,101.66058394160584,124.72114276426606,123.81378641415137,112.25225225225223
2011-02-01,2011-Q1,274.2,100.07299270072993,124.18470551730252,123.81378641415137,112.25225225225223
2011-02-02,2011-Q1,270.45,98.70437956204378,123.8471142764266,123.81378641415137,112.25225225225223
2011-02-03,2011-Q1,273.6,99.85401459854016,123.49452554744524,123.81378641415137,112.25225225225223
2011-02-04,2011-Q1,268.1,97.84671532846716,123.29379562043796,123.81378641415137,112.25225225225223
2011-02-07,2011-Q1,264.95,96.6970802919708,122.3905109489051,123.81378641415137,112.25225225225223
2011-02-08,2011-Q1,258.6,94.37956204379562,121.17700729927006,123.81378641415137,112.25225225225223
2011-02-09,2011-Q1,250.5,91.42335766423356,120.67518248175182,123.81378641415137,112.25225225225223
2011-02-10,2011-Q1,266.15,97.13503649635037,120.492700729927,123.81378641415137,112.25225225225223
2011-02-11,2011-Q1,260.75,95.16423357664232,120.10036496350364,123.81378641415137,112.25225225225223
2011-02-14,2011-Q1,270.05,98.55839416058394,119.6897810218978,123.81378641415137,112.25225225225223
2011-02-15,2011-Q1,266.6,97.2992700729927,119.2883211678832,123.81378641415137,112.25225225225223
2011-02-16,2011-Q1,261.2,95.32846715328466,118.77737226277372,123.81378641415137,112.25225225225223
2011-02-17,2011-Q1,267.95,97.79197080291968,118.37591240875912,123.81378641415137,112.25225225225223
2011-02-18,2011-Q1,263.2,96.05839416058392,117.81934306569342,123.81378641415137,112.25225225225223
2011-02-21,2011-Q1,265.65,96.95255474452551,117.49087591240875,123.81378641415137,112.25225225225223
2011-02-22,2011-Q1,259.5,94.70802919708028,117.23540145985402,123.81378641415137,112.25225225225223
2011-02-23,2011-Q1,260.0,94.8905109489051,116.00364963503648,123.81378641415137,112.25225225225223
2011-02-24,2011-Q1,243.25,88.77737226277371,114.56204379562044,123.81378641415137,112.25225225225223
2011-02-25,2011-Q1,243.0,88.6861313868613,113.76824817518246,123.81378641415137,112.25225225225223
2011-02-28,2011-Q1,244.7,89.30656934306569,113.33941605839416,123.81378641415137,112.25225225225223
2011-03-01,2011-Q1,249.95,73.73156342182891,113.20255474452551,123.81378641415137,112.25225225225223
2011-03-02,2011-Q1,249.95,73.73156342182891,113.12043795620436,123.81378641415137,112.25225225225223
2011-03-03,2011-Q1,251.3,74.12979351032449,113.02919708029196,123.81378641415137,112.25225225225223
2011-03-04,2011-Q1,250.1,73.77581120943952,112.5456204379562,123.81378641415137,112.25225225225223
2011-03-07,2011-Q1,249.55,73.61356932153393,112.04379562043796,123.81378641415137,112.25225225225223
2011-03-08,2011-Q1,252.05,74.35103244837758,111.79744525547444,123.81378641415137,112.25225225225223
2011-03-09,2011-Q1,259.95,76.68141592920354,111.33211678832114,123.81378641415137,112.25225225225223
2011-03-10,2011-Q1,270.05,79.66076696165192,110.14598540145984,123.81378641415137,112.25225225225223
2011-03-11,2011-Q1,264.85,78.12684365781712,108.9507299270073,123.81378641415137,112.25225225225223
2011-03-14,2011-Q1,266.6,78.64306784660768,107.96532846715328,123.81378641415137,112.25225225225223
2011-03-15,2011-Q1,261.05,77.00589970501476,107.18065693430655,123.81378641415137,112.25225225225223
2011-03-16,2011-Q1,264.95,78.15634218289085,106.70620437956204,123.81378641415137,112.25225225225223
2011-03-17,2011-Q1,268.6,79.2330383480826,105.90328467153284,123.81378641415137,112.25225225225223
2011-03-18,2011-Q1,264.05,77.89085545722713,105.34671532846714,123.81378641415137,112.25225225225223
2011-03-21,2011-Q1,265.05,78.1858407079646,105.21897810218977,123.81378641415137,112.25225225225223
2011-03-22,2011-Q1,266.3,78.55457227138643,104.5985401459854,123.81378641415137,112.25225225225223
2011-03-23,2011-Q1,266.35,78.5693215339233,103.92335766423358,123.81378641415137,112.25225225225223
2011-03-24,2011-Q1,265.2,78.23008849557522,103.70437956204378,123.81378641415137,112.25225225225223
2011-03-25,2011-Q1,268.2,79.11504424778761,102.89233576642336,123.81378641415137,112.25225225225223
2011-03-28,2011-Q1,266.15,78.5103244837758,102.2080291970803,123.81378641415137,112.25225225225223
2011-03-29,2011-Q1,272.8,80.47197640117994,102.02554744525548,123.81378641415137,112.25225225225223
2011-03-30,2011-Q1,275.05,81.13569321533923,101.75182481751824,123.59407783917962,112.25225225225223
2011-03-31,2011-Q1,272.75,80.45722713864306,101.6332116788321,123.40247199976358,112.25225225225223
2011-04-01,2011-Q2,272.75,80.45722713864306,100.83941605839414,123.29379562043796,112.25225225225223
2011-04-04,2011-Q2,272.75,80.45722713864306,99.96350364963504,123.18079730488488,112.25225225225223
2011-04-05,2011-Q2,272.75,80.45722713864306,99.27919708029196,123.07692307692308,112.25225225225223
2011-04-06,2011-Q2,272.75,80.45722713864306,98.63138686131389,123.05668016194332,112.25225225225223
2011-04-07,2011-Q2,272.75,80.45722713864306,98.20255474452554,122.52024291497976,112.25225225225223
2011-04-08,2011-Q2,272.75,80.45722713864306,97.81934306569342,121.75019947397972,112.25225225225223
2011-04-11,2011-Q2,272.75,80.45722713864306,97.5456204379562,121.46679866426312,112.25225225225223
2011-04-12,2011-Q2,272.75,80.45722713864306,97.21715328467153,121.14745559856968,112.25225225225223
2011-04-13,2011-Q2,272.75,80.45722713864306,97.04379562043796,120.67518248175182,112.25225225225223
2011-04-14,2011-Q2,272.75,80.45722713864306,96.82481751824815,120.492700729927,112.25225225225223
2011-04-15,2011-Q2,272.75,80.45722713864306,96.37773722627736,120.10036496350364,112.25225225225223
2011-04-18,2011-Q2,272.75,80.45722713864306,95.95802919708028,119.6897810218978,112.25225225225223
2011-04-19,2011-Q2,272.75,80.45722713864306,95.59306569343065,119.2883211678832,112.25225225225223
2011-04-20,2011-Q2,272.75,80.45722713864306,95.24635036496348,118.77737226277372,112.25225225225223
2011-04-21,2011-Q2,272.75,80.45722713864306,95.02737226277372,118.37591240875912,112.25225225225223
2011-04-22,2011-Q2,272.75,80.45722713864306,94.7992700729927,117.81934306569342,112.25225225225223
2011-04-25,2011-Q2,272.75,80.45722713864306,94.54379562043796,117.49087591240875,112.25225225225223
2011-04-26,2011-Q2,272.75,80.45722713864306,92.9014598540146,117.23540145985402,112.25225225225223
2011-04-27,2011-Q2,272.75,80.45722713864306,90.36496350364962,116.00364963503648,112.25225225225223
2011-04-28,2011-Q2,272.75,80.45722713864306,89.0419708029197,114.56204379562044,112.25225225225223
2011-04-29,2011-Q2,272.75,80.45722713864306,88.73175182481751,113.76824817518246,112.25225225225223
2011-05-02,2011-Q2,272.75,80.45722713864306,84.91091230110027,113.33941605839416,112.25225225225223
2011-05-03,2011-Q2,272.75,80.45722713864306,80.80383480825958,113.20255474452551,112.25225225225223
2011-05-04,2011-Q2,272.75,80.45722713864306,80.4646017699115,113.12043795620436,112.25225225225223
2011-05-05,2011-Q2,272.75,80.45722713864306,80.45722713864306,113.02919708029196,112.25225225225223
2011-05-06,2011-Q2,272.75,80.45722713864306,80.45722713864306,112.5456204379562,112.25225225225223
2011-05-09,2011-Q2,272.75,80.45722713864306,80.45722713864306,112.04379562043796,112.25225225225223
2011-05-10,2011-Q2,272.75,80.45722713864306,80.45722713864306,111.79744525547444,112.25225225225223
2011-05-11,2011-Q2,272.75,80.45722713864306,80.45722713864306,111.33211678832114,112.16216216216216
2011-05-12,2011-Q2,272.75,80.45722713864306,80.45722713864306,110.14598540145984,112.16216216216216
2011-05-13,2011-Q2,272.75,80.45722713864306,80.45722713864306,108.9507299270073,112.16216216216216
2011-05-16,2011-Q2,272.75,80.45722713864306,80.45722713864306,107.96532846715328,112.16216216216216
2011-05-17,2011-Q2,272.75,80.45722713864306,80.45722713864306,107.18065693430655,112.16216216216216
2011-05-18,2011-Q2,272.75,80.45722713864306,80.45722713864306,106.70620437956204,112.15328467153284
2011-05-19,2011-Q2,272.75,80.45722713864306,80.45722713864306,105.90328467153284,111.93430656934304
2011-05-20,2011-Q2,272.75,80.45722713864306,80.45722713864306,105.34671532846714,111.90250521327016
2011-05-23,2011-Q2,272.75,80.45722713864306,80.45722713864306,105.21897810218977,111.73423423423424
2011-05-24,2011-Q2,272.75,80.45722713864306,80.45722713864306,104.5985401459854,111.66058394160582
2011-05-25,2011-Q2,272.75,80.45722713864306,80.45722713864306,103.92335766423358,111.59106303317536
2011-05-26,2011-Q2,272.75,80.45722713864306,80.45722713864306,103.70437956204378,111.4691943127962
2011-05-27,2011-Q2,272.75,80.45722713864306,80.45722713864306,102.89233576642336,111.28378378378378
2011-05-30,2011-Q2,272.75,80.45722713864306,80.45722713864306,102.2080291970803,111.02234265402844
2011-05-31,2011-Q2,272.75,80.45722713864306,80.45722713864306,102.02554744525548,111.00364963503648
2011-06-01,2011-Q2,272.75,135.69651741293535,80.45722713864306,102.02554744525548,111.00364963503648
2011-06-02,2011-Q2,272.75,135.69651741293535,80.45722713864306,102.02554744525548,111.00364963503648
2011-06-03,2011-Q2,272.75,135.69651741293535,80.45722713864306,102.02554744525548,111.00364963503648
2011-06-06,2011-Q2,272.75,135.69651741293535,80.45722713864306,102.02554744525548,111.00364963503648
2011-06-07,2011-Q2,272.75,135.69651741293535,80.45722713864306,102.02554744525548,111.00364963503648
2011-06-08,2011-Q2,272.75,135.69651741293535,80.45722713864306,102.02554744525548,111.00364963503648
2011-06-09,2011-Q2,272.75,135.69651741293535,80.45722713864306,102.02554744525548,111.00364963503648
2011-06-10,2011-Q2,272.75,135.69651741293535,80.45722713864306,102.02554744525548,111.00364963503648
2011-06-13,2011-Q2,272.75,135.69651741293535,80.45722713864306,102.02554744525548,111.00364963503648
2011-06-14,2011-Q2,272.75,135.69651741293535,80.45722713864306,102.02554744525548,111.00364963503648
2011-06-15,2011-Q2,272.75,135.69651741293535,80.45722713864306,102.02554744525548,111.00364963503648
2011-06-16,2011-Q2,272.75,135.69651741293535,80.45722713864306,102.02554744525548,111.00364963503648
2011-06-17,2011-Q2,272.75,135.69651741293535,80.45722713864306,102.02554744525548,111.00364963503648
2011-06-20,2011-Q2,272.75,135.69651741293535,80.45722713864306,102.02554744525548,111.00364963503648
2011-06-21,2011-Q2,272.75,135.69651741293535,80.45722713864306,102.02554744525548,111.28378378378378
2011-06-22,2011-Q2,272.75,135.69651741293535,80.45722713864306,102.02554744525548,111.28378378378378
2011-06-23,2011-Q2,272.75,135.69651741293535,80.45722713864306,102.02554744525548,111.28378378378378
2011-06-24,2011-Q2,272.75,135.69651741293535,80.45722713864306,102.02554744525548,111.28378378378378
2011-06-27,2011-Q2,272.75,135.69651741293535,80.45722713864306,102.02554744525548,111.28378378378378
2011-06-28,2011-Q2,272.75,135.69651741293535,80.45722713864306,102.02554744525548,111.28378378378378
2011-06-29,2011-Q2,272.75,135.69651741293535,80.45722713864306,102.02554744525548,111.28378378378378
2011-06-30,2011-Q2,272.75,135.69651741293535,80.45722713864306,102.02554744525548,111.28378378378378
2011-07-01,2011-Q3,264.6,131.64179104477614,80.45722713864306,102.02554744525548,111.28378378378378
2011-07-04,2011-Q3,267.6,133.134328358209,80.45722713864306,102.02554744525548,111.28378378378378
2011-07-05,2011-Q3,259.55,129.12935323383087,80.45722713864306,102.02554744525548,111.28378378378378
2011-07-06,2011-Q3,259.45,129.07960199004975,80.45722713864306,102.02554744525548,111.28378378378378
2011-07-07,2011-Q3,262.25,130.47263681592042,80.45722713864306,102.02554744525548,111.28378378378378
2011-07-08,2011-Q3,252.65,125.69651741293534,80.45722713864306,102.02554744525548,111.28378378378378
2011-07-11,2011-Q3,245.9,122.33830845771146,80.45722713864306,102.02554744525548,111.28378378378378
2011-07-12,2011-Q3,240.7,119.75124378109452,80.45722713864306,102.02554744525548,111.28378378378378
2011-07-13,2011-Q3,243.5,121.1442786069652,80.45722713864306,102.02554744525548,111.28378378378378
2011-07-14,2011-Q3,244.1,121.44278606965176,80.45722713864306,102.02554744525548,111.4691943127962
2011-07-15,2011-Q3,242.9,120.84577114427864,80.45722713864306,102.02554744525548,111.66058394160582
2011-07-18,2011-Q3,242.3,120.54726368159206,80.45722713864306,102.02554744525548,111.73423423423424
2011-07-19,2011-Q3,208.3,103.63184079601992,80.45722713864306,102.02554744525548,111.73423423423424
2011-07-20,2011-Q3,176.75,87.93532338308458,80.45722713864306,101.75182481751824,111.73423423423424
2011-07-21,2011-Q3,181.25,90.17412935323384,80.45722713864306,101.6332116788321,111.73423423423424
2011-07-22,2011-Q3,182.6,90.8457711442786,80.45722713864306,100.83941605839414,111.66058394160582
2011-07-25,2011-Q3,181.7,90.39800995024876,80.45722713864306,99.96350364963504,111.66058394160582
2011-07-26,2011-Q3,174.45,86.7910447761194,80.45722713864306,99.27919708029196,111.66058394160582
2011-07-27,2011-Q3,176.35,87.73631840796021,80.45722713864306,98.63138686131389,111.66058394160582
2011-07-28,2011-Q3,172.7,85.92039800995025,80.45722713864306,98.20255474452554,111.66058394160582
2011-07-29,2011-Q3,169.45,84.30348258706468,80.4646017699115,97.81934306569342,111.66058394160582
2011-08-01,2011-Q3,160.05,79.62686567164181,80.4646017699115,97.5456204379562,111.66058394160582
2011-08-02,2011-Q3,164.65,81.91542288557216,80.79646017699115,97.21715328467153,111.66058394160582
2011-08-03,2011-Q3,163.15,81.16915422885573,80.8131906837494,97.04379562043796,111.66058394160582
2011-08-04,2011-Q3,160.05,79.62686567164181,80.8131906837494,96.82481751824815,111.66058394160582
2011-08-05,2011-Q3,157.8,78.50746268656718,80.8131906837494,96.37773722627736,111.66058394160582
2011-08-08,2011-Q3,155.95,77.58706467661692,80.8131906837494,95.95802919708028,111.66058394160582
2011-08-09,2011-Q3,147.25,73.2587064676617,80.8131906837494,95.59306569343065,111.66058394160582
2011-08-10,2011-Q3,148.65,73.95522388059703,80.8131906837494,95.24635036496348,111.66058394160582
2011-08-11,2011-Q3,144.85,72.06467661691543,80.8131906837494,95.02737226277372,111.66058394160582
2011-08-12,2011-Q3,145.95,72.61194029850746,80.8131906837494,94.7992700729927,111.66058394160582
2011-08-15,2011-Q3,145.95,72.61194029850746,80.8131906837494,94.54379562043796,111.66058394160582
2011-08-16,2011-Q3,143.5,71.39303482587066,80.8131906837494,92.9014598540146,111.66058394160582
2011-08-17,2011-Q3,142.15,70.72139303482588,80.8131906837494,91.13456440425608,111.66058394160582
2011-08-18,2011-Q3,139.0,69.1542288557214,80.8131906837494,90.62189054726367,111.66058394160582
2011-08-19,2011-Q3,136.45,67.88557213930349,80.8131906837494,90.2860696517413,111.66058394160582
2011-08-22,2011-Q3,142.25,70.77114427860697,80.8131906837494,89.74034934814976,111.66058394160582
2011-08-23,2011-Q3,144.85,72.06467661691543,80.8131906837494,89.0419708029197,111.66058394160582
2011-08-24,2011-Q3,144.6,71.94029850746269,80.8131906837494,88.73175182481751,111.66058394160582
2011-08-25,2011-Q3,136.75,68.03482587064677,80.8131906837494,88.31072738497295,111.66058394160582
2011-08-26,2011-Q3,136.95,68.13432835820896,80.8131906837494,87.8358208955224,111.66058394160582
2011-08-29,2011-Q3,143.1,71.19402985074628,80.8131906837494,87.2636815920398,111.66058394160582
2011-08-30,2011-Q3,150.4,74.82587064676618,80.8131906837494,86.35572139303483,111.66058394160582
2011-08-31,2011-Q3,150.4,74.82587064676618,80.8131906837494,85.11194029850746,111.66058394160582
2011-09-01,2011-Q3,150.4,85.94285714285715,81.54228855721394,85.11194029850746,111.66058394160582
2011-09-02,2011-Q3,150.25,85.85714285714286,83.10945273631842,85.08031272210377,111.66058394160582
2011-09-05,2011-Q3,149.75,85.57142857142857,84.93745557924663,84.93745557924663,111.66058394160582
2011-09-06,2011-Q3,150.0,85.71428571428571,85.64285714285714,84.93745557924663,111.66058394160582
2011-09-07,2011-Q3,150.6,86.05714285714285,85.78571428571428,84.93745557924663,111.66058394160582
2011-09-08,2011-Q3,152.1,86.91428571428571,85.88877043354655,84.93745557924663,111.66058394160582
2011-09-09,2011-Q3,150.95,86.25714285714285,85.9316275764037,84.93745557924663,111.66058394160582
2011-09-12,2011-Q3,146.45,83.68571428571428,85.9316275764037,83.99459843638948,111.66058394160582
2011-09-13,2011-Q3,149.95,85.68571428571428,85.9316275764037,83.99459843638948,111.66058394160582
2011-09-14,2011-Q3,156.9,89.65714285714286,86.0,83.99459843638948,111.66058394160582
2011-09-15,2011-Q3,159.6,91.2,86.15714285714284,83.99459843638948,111.66058394160582
2011-09-16,2011-Q3,161.85,92.48571428571428,86.52409381663114,83.99459843638948,111.66058394160582
2011-09-19,2011-Q3,159.55,91.17142857142858,86.85266524520256,83.99459843638948,111.66058394160582
2011-09-20,2011-Q3,159.7,91.25714285714284,87.32530206112295,83.99459843638948,111.66058394160582
2011-09-21,2011-Q3,159.8,91.31428571428572,87.8358208955224,83.99459843638948,111.66058394160582
2011-09-22,2011-Q3,150.1,85.77142857142857,87.8358208955224,83.99459843638948,111.66058394160582
2011-09-23,2011-Q3,150.0,85.71428571428571,87.8358208955224,83.99459843638948,111.66058394160582
2011-09-26,2011-Q3,151.1,86.34285714285714,87.8358208955224,83.99459843638948,111.66058394160582
2011-09-27,2011-Q3,154.95,88.54285714285713,88.23909026297085,83.99459843638948,111.66058394160582
2011-09-28,2011-Q3,151.85,86.77142857142857,88.23909026297085,83.99459843638948,111.66058394160582
2011-09-29,2011-Q3,152.55,87.17142857142858,88.23909026297085,83.99459843638948,111.66058394160582
2011-09-30,2011-Q3,152.5,87.14285714285714,88.23909026297085,83.99459843638948,111.66058394160582
2011-10-03,2011-Q4,152.5,87.14285714285714,88.23909026297085,83.99459843638948,111.66058394160582
2011-10-04,2011-Q4,152.5,87.14285714285714,88.23909026297085,83.99459843638948,111.66058394160582
2011-10-05,2011-Q4,152.5,87.14285714285714,87.8358208955224,83.99459843638948,111.66058394160582
2011-10-06,2011-Q4,152.5,87.14285714285714,87.45387348969439,83.99459843638948,111.66058394160582
2011-10-07,2011-Q4,152.5,87.14285714285714,87.15714285714286,83.99459843638948,111.66058394160582
2011-10-10,2011-Q4,152.5,87.14285714285714,87.14285714285714,83.99459843638948,111.66058394160582
2011-10-11,2011-Q4,152.5,87.14285714285714,87.14285714285714,83.99459843638948,111.66058394160582
2011-10-12,2011-Q4,152.5,87.14285714285714,87.14285714285714,83.99459843638948,111.66058394160582
2011-10-13,2011-Q4,152.5,87.14285714285714,87.14285714285714,83.99459843638948,111.66058394160582
2011-10-14,2011-Q4,152.5,87.14285714285714,87.14285714285714,83.99459843638948,111.66058394160582
2011-10-17,2011-Q4,152.5,87.14285714285714,87.14285714285714,83.99459843638948,111.66058394160582
2011-10-18,2011-Q4,152.5,87.14285714285714,87.14285714285714,83.99459843638948,111.66058394160582
2011-10-19,2011-Q4,152.5,87.14285714285714,87.14285714285714,83.99459843638948,111.66058394160582
2011-10-20,2011-Q4,152.5,87.14285714285714,87.14285714285714,83.99459843638948,111.66058394160582
2011-10-21,2011-Q4,152.5,87.14285714285714,87.14285714285714,83.99459843638948,111.66058394160582
2011-10-24,2011-Q4,152.5,87.14285714285714,87.14285714285714,83.99459843638948,111.66058394160582
2011-10-25,2011-Q4,152.5,87.14285714285714,87.14285714285714,83.99459843638948,111.66058394160582
2011-10-26,2011-Q4,152.5,87.14285714285714,87.14285714285714,83.99459843638948,111.66058394160582
2011-10-27,2011-Q4,152.5,87.14285714285714,87.14285714285714,83.99459843638948,111.28378378378378
2011-10-28,2011-Q4,152.5,87.14285714285714,87.14285714285714,83.99459843638948,111.00364963503648
2011-10-31,2011-Q4,152.5,87.14285714285714,87.14285714285714,83.99459843638948,111.00364963503648
2011-11-01,2011-Q4,152.5,87.14285714285714,87.14285714285714,83.99459843638948,111.00364963503648
2011-11-02,2011-Q4,152.5,87.14285714285714,87.14285714285714,83.99459843638948,111.00364963503648
2011-11-03,2011-Q4,152.5,87.14285714285714,87.14285714285714,83.99459843638948,111.00364963503648
2011-11-04,2011-Q4,152.5,87.14285714285714,87.14285714285714,83.99459843638948,111.00364963503648
2011-11-07,2011-Q4,152.5,87.14285714285714,87.14285714285714,83.99459843638948,109.2883211678832
2011-11-08,2011-Q4,152.5,87.14285714285714,87.14285714285714,84.93745557924663,108.6131386861314
2011-11-09,2011-Q4,152.5,87.14285714285714,87.14285714285714,85.62857142857143,107.31751824817518
2011-11-10,2011-Q4,152.5,87.14285714285714,87.14285714285714,85.69999999999999,107.04379562043796
2011-11-11,2011-Q4,152.5,87.14285714285714,87.14285714285714,85.71428571428571,106.36861313868611
2011-11-14,2011-Q4,152.5,87.14285714285714,87.14285714285714,85.74285714285713,105.43795620437956
2011-11-15,2011-Q4,152.5,87.14285714285714,87.14285714285714,85.81428571428572,105.25547445255472
2011-11-16,2011-Q4,152.5,87.14285714285714,87.14285714285714,85.88877043354655,105.1824817518248
2011-11-17,2011-Q4,152.5,87.14285714285714,87.14285714285714,85.9316275764037,104.01459854014598
2011-11-18,2011-Q4,152.5,87.14285714285714,87.14285714285714,86.0,103.83211678832116
2011-11-21,2011-Q4,152.5,87.14285714285714,87.14285714285714,86.15714285714284,103.63184079601992
2011-11-22,2011-Q4,152.5,87.14285714285714,87.14285714285714,86.3,103.57664233576642
2011-11-23,2011-Q4,152.5,87.14285714285714,87.14285714285714,86.55714285714285,102.2080291970803
2011-11-24,2011-Q4,152.5,87.14285714285714,87.14285714285714,86.78123667377399,102.2080291970803
2011-11-25,2011-Q4,152.5,87.14285714285714,87.14285714285714,86.85266524520256,101.84306569343066
2011-11-28,2011-Q4,152.5,87.14285714285714,87.14285714285714,87.02857142857142,101.66058394160584
2011-11-29,2011-Q4,152.5,87.14285714285714,87.14285714285714,87.14285714285714,101.60583941605836
2011-11-30,2011-Q4,152.5,87.14285714285714,87.14285714285714,87.14285714285714,100.07299270072993
2011-12-01,2011-Q4,152.5,77.02020202020202,87.14285714285714,87.14285714285714,99.85401459854016
2011-12-02,2011-Q4,152.5,77.02020202020202,87.14285714285714,87.14285714285714,98.70437956204378
2011-12-05,2011-Q4,152.5,77.02020202020202,87.14285714285714,87.14285714285714,98.55839416058394
2011-12-06,2011-Q4,152.5,77.02020202020202,87.14285714285714,87.14285714285714,97.84671532846716
2011-12-07,2011-Q4,152.5,77.02020202020202,87.14285714285714,87.14285714285714,97.79197080291968
2011-12-08,2011-Q4,152.5,77.02020202020202,87.14285714285714,87.14285714285714,97.2992700729927
2011-12-09,2011-Q4,152.5,77.02020202020202,87.14285714285714,87.14285714285714,97.13503649635037
2011-12-12,2011-Q4,152.5,77.02020202020202,87.14285714285714,87.14285714285714,96.95255474452551
2011-12-13,2011-Q4,152.5,77.02020202020202,87.14285714285714,87.14285714285714,96.6970802919708
2011-12-14,2011-Q4,152.5,77.02020202020202,87.14285714285714,87.14285714285714,96.05839416058392
2011-12-15,2011-Q4,152.5,77.02020202020202,87.14285714285714,87.14285714285714,95.85766423357664
2011-12-16,2011-Q4,152.5,77.02020202020202,87.14285714285714,87.14285714285714,95.32846715328466
2011-12-19,2011-Q4,152.5,77.02020202020202,87.14285714285714,87.14285714285714,95.16423357664232
2011-12-20,2011-Q4,152.5,77.02020202020202,87.14285714285714,87.14285714285714,94.8905109489051
2011-12-21,2011-Q4,152.5,77.02020202020202,87.14285714285714,87.14285714285714,94.70802919708028
2011-12-22,2011-Q4,152.5,77.02020202020202,87.14285714285714,87.14285714285714,94.37956204379562
2011-12-23,2011-Q4,152.5,77.02020202020202,87.14285714285714,87.14285714285714,92.48571428571428
2011-12-26,2011-Q4,152.5,77.02020202020202,87.14285714285714,87.14285714285714,91.42335766423356
2011-12-27,2011-Q4,152.5,77.02020202020202,87.14285714285714,87.14285714285714,91.31428571428572
2011-12-28,2011-Q4,152.5,77.02020202020202,87.14285714285714,87.14285714285714,91.25714285714284
2011-12-29,2011-Q4,152.5,77.02020202020202,87.14285714285714,87.14285714285714,91.2
2011-12-30,2011-Q4,152.5,77.02020202020202,87.14285714285714,87.14285714285714,91.17142857142858
2012-01-02,2012-Q1,124.4,62.82828282828283,87.14285714285714,87.14285714285714,90.8457711442786
2012-01-03,2012-Q1,125.75,63.51010101010101,87.14285714285714,87.14285714285714,90.39800995024876
2012-01-04,2012-Q1,129.65,65.47979797979798,87.14285714285714,87.14285714285714,90.17412935323384
2012-01-05,2012-Q1,131.2,66.26262626262626,87.14285714285714,87.14285714285714,89.65714285714286
2012-01-06,2012-Q1,126.35,63.81313131313131,87.14285714285714,87.14285714285714,89.30656934306569
2012-01-07,2012-Q1,126.8,64.04040404040404,87.14285714285714,87.14285714285714,88.77737226277371
2012-01-09,2012-Q1,127.4,64.34343434343435,87.14285714285714,87.14285714285714,88.6861313868613
2012-01-10,2012-Q1,131.65,66.48989898989899,87.14285714285714,87.14285714285714,88.54285714285713
2012-01-11,2012-Q1,132.75,67.04545454545455,87.14285714285714,87.14285714285714,87.93532338308458
2012-01-12,2012-Q1,139.45,70.42929292929293,87.14285714285714,87.14285714285714,87.73631840796021
2012-01-13,2012-Q1,139.65,70.53030303030303,87.14285714285714,87.14285714285714,87.17142857142858
2012-01-16,2012-Q1,137.85,69.62121212121212,87.14285714285714,87.14285714285714,87.14285714285714
2012-01-17,2012-Q1,142.45,71.94444444444444,87.14285714285714,87.14285714285714,87.14285714285714
2012-01-18,2012-Q1,136.3,68.83838383838385,87.14285714285714,87.14285714285714,87.14285714285714
2012-01-19,2012-Q1,133.6,67.47474747474747,87.14285714285714,87.14285714285714,87.14285714285714
2012-01-20,2012-Q1,134.0,67.67676767676768,87.14285714285714,87.14285714285714,87.14285714285714
2012-01-23,2012-Q1,134.7,68.03030303030303,87.14285714285714,87.14285714285714,87.14285714285714
2012-01-24,2012-Q1,136.45,68.91414141414141,87.14285714285714,87.14285714285714,87.14285714285714
2012-01-25,2012-Q1,142.35,71.89393939393939,87.14285714285714,87.14285714285714,87.14285714285714
2012-01-26,2012-Q1,142.35,71.89393939393939,87.14285714285714,87.14285714285714,87.14285714285714
2012-01-27,2012-Q1,144.4,72.92929292929293,87.14285714285714,87.14285714285714,87.14285714285714
2012-01-30,2012-Q1,133.6,67.47474747474747,86.95714285714286,87.14285714285714,87.14285714285714
2012-01-31,2012-Q1,133.35,67.34848484848484,82.08152958152958,87.14285714285714,87.14285714285714
2012-02-01,2012-Q1,143.8,72.62626262626263,77.02020202020202,87.14285714285714,87.14285714285714
2012-02-02,2012-Q1,145.95,73.7121212121212,77.02020202020202,87.14285714285714,87.14285714285714
2012-02-03,2012-Q1,143.35,72.3989898989899,77.02020202020202,87.14285714285714,87.14285714285714
2012-02-06,2012-Q1,146.6,74.04040404040404,77.02020202020202,87.14285714285714,87.14285714285714
2012-02-07,2012-Q1,142.65,72.04545454545455,77.02020202020202,87.14285714285714,87.14285714285714
2012-02-08,2012-Q1,144.9,73.18181818181819,77.02020202020202,87.02857142857142,87.14285714285714
2012-02-09,2012-Q1,147.7,74.59595959595958,77.02020202020202,86.85266524520256,87.14285714285714
2012-02-10,2012-Q1,151.0,76.26262626262627,77.02020202020202,86.78123667377399,87.14285714285714
2012-02-13,2012-Q1,158.15,79.87373737373738,77.02020202020202,86.55714285714285,87.14285714285714
2012-02-14,2012-Q1,153.2,77.37373737373737,77.02020202020202,86.3,87.14285714285714
2012-02-15,2012-Q1,154.85,78.2070707070707,77.02020202020202,86.15714285714284,87.14285714285714
2012-02-16,2012-Q1,158.55,80.07575757575758,77.02020202020202,86.0,87.14285714285714
2012-02-17,2012-Q1,160.6,81.11111111111111,77.02020202020202,85.9316275764037,87.14285714285714
2012-02-20,2012-Q1,160.6,81.11111111111111,77.02020202020202,85.88877043354655,87.14285714285714
2012-02-21,2012-Q1,161.9,81.76767676767678,77.02020202020202,85.81428571428572,87.14285714285714
2012-02-22,2012-Q1,150.5,76.01010101010101,77.02020202020202,85.74285714285713,87.14285714285714
2012-02-23,2012-Q1,151.85,76.69191919191918,77.02020202020202,85.71428571428571,87.14285714285714
2012-02-24,2012-Q1,149.4,75.45454545454545,77.02020202020202,85.69999999999999,87.14285714285714
2012-02-27,2012-Q1,141.95,71.69191919191918,77.02020202020202,85.62857142857143,87.14285714285714
2012-02-28,2012-Q1,144.6,73.03030303030303,77.02020202020202,84.93745557924663,87.14285714285714
2012-02-29,2012-Q1,142.55,71.9949494949495,77.02020202020202,83.99459843638948,87.14285714285714
2012-03-01,2012-Q1,142.3,66.80751173708921,77.02020202020202,82.80056858564322,87.14285714285714
2012-03-02,2012-Q1,142.9,67.08920187793427,77.02020202020202,81.84154982662446,87.14285714285714
2012-03-03,2012-Q1,143.25,67.25352112676056,77.02020202020202,81.46841549826625,87.14285714285714
2012-03-05,2012-Q1,136.7,64.17840375586854,77.02020202020202,81.14013266998342,87.14285714285714
2012-03-06,2012-Q1,135.95,63.82629107981221,77.02020202020202,81.11111111111111,87.14285714285714
2012-03-07,2012-Q1,133.2,62.53521126760563,77.02020202020202,80.59343434343435,87.14285714285714
2012-03-08,2012-Q1,133.2,62.53521126760563,77.02020202020202,79.97474747474749,87.14285714285714
2012-03-09,2012-Q1,138.8,65.1643192488263,76.8560606060606,79.7503015226896,87.14285714285714
2012-03-12,2012-Q1,137.85,64.71830985915493,76.47727272727272,79.62686567164181,87.14285714285714
2012-03-13,2012-Q1,147.55,69.27230046948358,76.13636363636364,79.0671641791045,87.14285714285714
2012-03-14,2012-Q1,146.95,68.9906103286385,75.73232323232324,78.35726669681894,87.14285714285714
2012-03-15,2012-Q1,146.05,68.5680751173709,75.02525252525251,77.8970676918438,86.91428571428571
2012-03-16,2012-Q1,139.15,65.32863849765259,74.31818181818181,77.48040102517714,86.7910447761194
2012-03-19,2012-Q1,137.5,64.55399061032864,73.87626262626262,77.19696969696969,86.77142857142857
2012-03-20,2012-Q1,140.85,66.12676056338029,73.44696969696969,77.02020202020202,86.34285714285714
2012-03-21,2012-Q1,146.55,68.80281690140846,73.10606060606061,77.02020202020202,86.25714285714285
2012-03-22,2012-Q1,137.75,64.67136150234742,72.97979797979798,77.02020202020202,86.05714285714285
2012-03-23,2012-Q1,143.45,67.34741784037558,72.77777777777777,77.02020202020202,85.94285714285715
2012-03-26,2012-Q1,138.85,65.18779342723005,72.51262626262627,77.02020202020202,85.92039800995025
2012-03-27,2012-Q1,137.45,64.53051643192488,72.22222222222223,77.02020202020202,85.85714285714286
2012-03-28,2012-Q1,137.55,64.5774647887324,72.02020202020202,77.02020202020202,85.77142857142857
2012-03-29,2012-Q1,133.95,62.88732394366197,71.96969696969697,77.02020202020202,85.71428571428571
2012-03-30,2012-Q1,138.1,64.83568075117371,71.91919191919192,77.02020202020202,85.71428571428571
2012-04-02,2012-Q2,144.8,67.981220657277,71.89393939393939,77.02020202020202,85.68571428571428
2012-04-03,2012-Q2,145.95,68.52112676056338,71.79292929292929,77.02020202020202,85.57142857142857
2012-04-04,2012-Q2,145.05,68.09859154929579,71.11111111111111,77.02020202020202,84.30348258706468
2012-04-05,2012-Q2,145.05,68.09859154929579,70.47979797979798,77.02020202020202,83.68571428571428
2012-04-06,2012-Q2,145.05,68.09859154929579,70.02525252525253,77.02020202020202,81.91542288557216
2012-04-09,2012-Q2,138.5,65.02347417840376,69.44675629534785,77.02020202020202,81.76767676767678
2012-04-10,2012-Q2,138.25,64.90610328638498,69.13145539906104,77.02020202020202,81.16915422885573
2012-04-11,2012-Q2,135.05,63.40375586854461,68.95237587138996,77.02020202020202,81.13569321533923
2012-04-12,2012-Q2,135.1,63.42723004694836,68.87626262626263,77.02020202020202,81.11111111111111
2012-04-13,2012-Q2,133.65,62.74647887323944,68.82060036989616,77.02020202020202,81.11111111111111
2012-04-16,2012-Q2,132.25,62.08920187793427,68.68544600938968,77.02020202020202,80.47197640117994
2012-04-17,2012-Q2,132.5,62.206572769953056,68.54460093896714,77.02020202020202,80.45722713864306
2012-04-18,2012-Q2,134.4,63.09859154929578,68.30985915492958,77.02020202020202,80.45722713864306
2012-04-19,2012-Q2,133.9,62.86384976525822,68.09859154929579,77.02020202020202,80.45722713864306
2012-04-20,2012-Q2,131.1,61.54929577464789,68.09859154929579,77.02020202020202,80.45722713864306
2012-04-23,2012-Q2,125.85,59.08450704225352,68.0644472897994,77.02020202020202,80.45722713864306
2012-04-24,2012-Q2,130.65,61.33802816901409,68.00576184379003,77.02020202020202,80.45722713864306
2012-04-25,2012-Q2,132.8,62.3474178403756,67.82899416702234,77.02020202020202,80.45722713864306
2012-04-26,2012-Q2,129.35,60.72769953051643,67.57575757575758,77.02020202020202,80.45722713864306
2012-04-27,2012-Q2,130.9,61.45539906103287,67.47474747474747,77.02020202020202,80.45722713864306
2012-04-28,2012-Q2,130.65,61.33802816901409,67.41161616161617,77.02020202020202,80.45722713864306
2012-04-30,2012-Q2,131.4,61.69014084507043,67.34795134443021,77.02020202020202,80.45722713864306
2012-05-01,2012-Q2,131.4,61.69014084507043,67.30046948356807,77.02020202020202,80.45722713864306
2012-05-02,2012-Q2,131.1,61.54929577464789,67.30046948356807,77.02020202020202,80.45722713864306
2012-05-03,2012-Q2,128.15,60.164319248826295,67.30046948356807,77.02020202020202,80.45722713864306
2012-05-04,2012-Q2,124.15,58.286384976525824,67.30046948356807,77.02020202020202,80.45722713864306
2012-05-07,2012-Q2,127.2,59.718309859154935,67.30046948356807,77.02020202020202,80.45722713864306
2012-05-08,2012-Q2,122.0,57.27699530516432,67.30046948356807,77.02020202020202,80.45722713864306
2012-05-09,2012-Q2,121.45,57.01877934272301,67.30046948356807,77.02020202020202,80.45722713864306
2012-05-10,2012-Q2,119.65,56.1737089201878,67.30046948356807,76.8560606060606,80.45722713864306
2012-05-11,2012-Q2,117.15,55.00000000000001,67.30046948356807,76.47727272727272,80.45722713864306
2012-05-14,2012-Q2,113.05,53.07511737089202,67.30046948356807,76.13636363636364,80.45722713864306
2012-05-15,2012-Q2,112.8,52.95774647887324,67.17136150234742,75.73232323232324,80.45722713864306
2012-05-16,2012-Q2,110.5,51.87793427230047,66.94835680751174,75.02525252525251,80.45722713864306
2012-05-17,2012-Q2,112.7,52.910798122065735,66.46713615023475,74.31818181818181,80.45722713864306
2012-05-18,2012-Q2,115.75,54.34272300469484,65.72769953051645,73.87626262626262,80.45722713864306
2012-05-21,2012-Q2,119.2,55.96244131455399,65.25821596244131,73.44696969696969,80.45722713864306
2012-05-22,2012-Q2,115.2,54.08450704225353,65.17605633802818,73.10606060606061,80.45722713864306
2012-05-23,2012-Q2,111.25,52.23004694835681,65.09389671361504,72.97979797979798,80.45722713864306
2012-05-24,2012-Q2,108.2,50.7981220657277,64.96478873239437,72.77777777777777,80.45722713864306
2012-05-25,2012-Q2,105.95,49.74178403755869,64.87089201877934,72.51262626262627,80.45722713864306
2012-05-28,2012-Q2,109.7,51.502347417840376,64.77699530516432,72.22222222222223,80.45722713864306
2012-05-29,2012-Q2,110.95,52.08920187793428,64.69483568075117,72.02020202020202,80.45722713864306
2012-05-30,2012-Q2,114.6,53.80281690140845,64.6244131455399,71.96969696969697,80.45722713864306
2012-05-31,2012-Q2,112.05,52.6056338028169,64.56572769953053,71.91919191919192,80.45722713864306
2012-06-01,2012-Q2,108.15,57.83422459893048,64.54225352112675,71.89393939393939,80.45722713864306
2012-06-04,2012-Q2,108.8,58.18181818181818,64.3544600938967,71.79292929292929,80.45722713864306
2012-06-05,2012-Q2,111.7,59.73262032085562,64.00234741784038,71.11111111111111,80.45722713864306
2012-06-06,2012-Q2,114.35,61.14973262032085,63.62676056338029,70.47979797979798,80.45722713864306
2012-06-07,2012-Q2,118.3,63.26203208556149,63.41549295774648,70.02525252525253,80.45722713864306
2012-06-08,2012-Q2,119.9,64.11764705882352,63.41549295774648,69.44675629534785,80.45722713864306
2012-06-11,2012-Q2,115.9,61.97860962566845,63.33289397705305,69.13145539906104,80.45722713864306
2012-06-12,2012-Q2,119.4,63.850267379679146,63.33289397705305,68.95237587138996,80.45722713864306
2012-06-13,2012-Q2,116.3,62.19251336898395,63.18031181742864,68.87626262626263,80.45722713864306
2012-06-14,2012-Q2,114.6,61.28342245989304,62.99295774647888,68.82060036989616,80.45722713864306
2012-06-15,2012-Q2,115.95,62.00534759358288,62.875586854460096,68.68544600938968,80.07575757575758
2012-06-18,2012-Q2,114.0,60.962566844919785,62.80516431924883,68.54460093896714,79.87373737373738
2012-06-19,2012-Q2,114.6,61.28342245989304,62.640845070422536,68.30985915492958,79.66076696165192
2012-06-20,2012-Q2,119.65,63.98395721925134,62.640845070422536,68.09859154929579,79.62686567164181
2012-06-21,2012-Q2,121.3,64.8663101604278,62.640845070422536,68.09859154929579,79.62686567164181
2012-06-22,2012-Q2,118.7,63.475935828877006,62.640845070422536,68.0644472897994,79.2330383480826
2012-06-25,2012-Q2,119.1,63.6898395721925,62.640845070422536,68.00576184379003,79.11504424778761
2012-06-26,2012-Q2,119.0,63.63636363636363,62.640845070422536,67.82899416702234,78.64306784660768
2012-06-27,2012-Q2,121.15,64.78609625668449,62.640845070422536,67.57575757575758,78.5693215339233
2012-06-28,2012-Q2,119.8,64.06417112299465,62.640845070422536,67.47474747474747,78.55457227138643
2012-06-29,2012-Q2,121.2,64.81283422459893,62.640845070422536,67.41161616161617,78.5103244837758
2012-07-02,2012-Q3,126.0,67.37967914438502,62.640845070422536,67.36408199643493,78.50746268656718
2012-07-03,2012-Q3,131.45,70.29411764705881,62.640845070422536,67.36408199643493,78.23008849557522
2012-07-04,2012-Q3,128.8,68.87700534759358,62.640845070422536,67.36408199643493,78.2070707070707
2012-07-05,2012-Q3,131.25,70.18716577540107,62.640845070422536,67.36408199643493,78.1858407079646
2012-07-06,2012-Q3,131.4,70.26737967914438,62.640845070422536,67.36408199643493,78.15634218289085
2012-07-09,2012-Q3,131.3,70.21390374331551,62.640845070422536,67.36408199643493,78.12684365781712
2012-07-10,2012-Q3,132.55,70.88235294117648,62.80516431924883,67.36408199643493,77.89085545722713
2012-07-11,2012-Q3,133.2,71.22994652406416,62.875586854460096,67.36408199643493,77.58706467661692
2012-07-12,2012-Q3,129.65,69.33155080213903,62.875586854460096,67.36408199643493,77.37373737373737
2012-07-13,2012-Q3,126.1,67.4331550802139,62.875586854460096,67.36408199643493,77.02020202020202
2012-07-16,2012-Q3,128.2,68.55614973262031,62.875586854460096,67.36408199643493,77.02020202020202
2012-07-17,2012-Q3,129.95,69.49197860962566,62.875586854460096,67.36408199643493,77.02020202020202
2012-07-18,2012-Q3,129.7,69.35828877005346,62.875586854460096,67.36408199643493,77.02020202020202
2012-07-19,2012-Q3,127.7,68.28877005347593,62.875586854460096,67.36408199643493,77.02020202020202
2012-07-20,2012-Q3,130.05,69.54545454545455,62.875586854460096,67.36408199643493,77.02020202020202
2012-07-23,2012-Q3,118.15,63.18181818181818,62.875586854460096,67.34795134443021,77.02020202020202
2012-07-24,2012-Q3,118.0,63.10160427807486,62.875586854460096,67.30046948356807,77.02020202020202
2012-07-25,2012-Q3,114.35,61.14973262032085,62.80516431924883,67.17136150234742,77.02020202020202
2012-07-26,2012-Q3,113.85,60.882352941176464,62.54694835680752,67.06732821169442,77.02020202020202
2012-07-27,2012-Q3,114.85,61.41711229946523,62.27699530516433,66.92648314127189,77.02020202020202
2012-07-30,2012-Q3,117.5,62.83422459893048,62.27699530516433,66.6487053634941,77.02020202020202
2012-07-31,2012-Q3,116.15,62.11229946524064,62.1995430694685,66.37626262626262,77.02020202020202
2012-08-01,2012-Q3,118.95,63.6096256684492,62.1995430694685,66.19469341300328,77.02020202020202
2012-08-02,2012-Q3,117.95,63.07486631016042,62.1995430694685,65.80327927158913,77.02020202020202
2012-08-03,2012-Q3,116.85,62.48663101604277,62.1995430694685,65.40421823872529,77.02020202020202
2012-08-06,2012-Q3,117.4,62.780748663101605,62.1995430694685,65.25821596244131,77.02020202020202
2012-08-07,2012-Q3,117.75,62.96791443850267,62.1995430694685,65.17605633802818,77.02020202020202
2012-08-08,2012-Q3,117.65,62.9144385026738,62.1995430694685,65.09389671361504,77.02020202020202
2012-08-09,2012-Q3,116.45,62.27272727272727,62.1995430694685,64.96478873239437,77.02020202020202
2012-08-10,2012-Q3,116.15,62.11229946524064,62.152406417112296,64.88620672340639,77.02020202020202
2012-08-13,2012-Q3,116.95,62.54010695187166,62.152406417112296,64.85099545580076,77.02020202020202
2012-08-14,2012-Q3,117.0,62.56684491978609,62.152406417112296,64.82425748788631,77.02020202020202
2012-08-15,2012-Q3,117.0,62.56684491978609,62.152406417112296,64.79946524064171,77.02020202020202
2012-08-16,2012-Q3,117.6,62.88770053475936,62.152406417112296,64.7522030579197,77.02020202020202
2012-08-17,2012-Q3,119.25,63.77005347593583,62.1995430694685,64.69483568075117,77.02020202020202
2012-08-20,2012-Q3,119.25,63.77005347593583,62.23262032085562,64.6244131455399,77.02020202020202
2012-08-21,2012-Q3,119.7,64.01069518716578,62.23262032085562,64.56572769953053,77.02020202020202
2012-08-22,2012-Q3,120.2,64.27807486631016,62.23262032085562,64.54225352112675,77.02020202020202
2012-08-23,2012-Q3,122.45,65.4812834224599,62.31007255655143,64.54225352112675,77.02020202020202
2012-08-24,2012-Q3,120.7,64.54545454545455,62.41702442820919,64.53798548868971,76.69191919191918
2012-08-27,2012-Q3,116.3,62.19251336898395,62.41702442820919,64.43697538767961,76.26262626262627
2012-08-28,2012-Q3,114.65,61.31016042780749,62.37967914438502,64.31075460487226,76.01010101010101
2012-08-29,2012-Q3,110.7,59.19786096256684,62.37967914438502,64.22823931108935,75.45454545454545
2012-08-30,2012-Q3,107.05,57.24598930481283,62.37967914438502,64.14802540734604,74.82587064676618
2012-08-31,2012-Q3,107.9,57.70053475935829,62.37967914438502,64.0909090909091,74.82587064676618
2012-09-03,2012-Q3,106.4,56.898395721925134,62.37967914438502,64.05228758169935,74.59595959595958
2012-09-04,2012-Q3,105.6,56.47058823529411,62.37967914438502,64.0255496137849,74.04040404040404
2012-09-05,2012-Q3,106.8,57.11229946524064,62.37967914438502,64.0255496137849,73.95522388059703
2012-09-06,2012-Q3,106.05,56.71122994652406,62.37967914438502,64.0255496137849,73.7121212121212
2012-09-07,2012-Q3,110.45,59.06417112299465,62.37967914438502,63.99732620320856,73.2587064676617
2012-09-08,2012-Q3,110.9,59.3048128342246,62.37967914438502,63.917112299465245,73.18181818181819
2012-09-10,2012-Q3,111.25,59.49197860962566,62.37967914438502,63.917112299465245,73.03030303030303
2012-09-11,2012-Q3,111.3,59.5187165775401,62.37967914438502,63.83827922974568,72.92929292929293
2012-09-12,2012-Q3,108.45,57.99465240641711,62.37967914438502,63.798172277874016,72.62626262626263
2012-09-13,2012-Q3,105.7,56.524064171122994,62.37967914438502,63.77005347593583,72.61194029850746
2012-09-14,2012-Q3,107.5,57.48663101604278,62.37967914438502,63.72994652406416,72.61194029850746
2012-09-17,2012-Q3,112.05,59.91978609625668,62.37967914438502,63.66310160427807,72.3989898989899
2012-09-18,2012-Q3,113.55,60.72192513368984,62.37967914438502,63.62299465240642,72.06467661691543
2012-09-19,2012-Q3,113.55,60.72192513368984,62.37967914438502,63.54278074866311,72.06467661691543
2012-09-20,2012-Q3,112.05,59.91978609625668,62.37967914438502,63.45158293791268,72.04545454545455
2012-09-21,2012-Q3,117.25,62.70053475935829,62.513368983957214,63.41549295774648,71.9949494949495
2012-09-24,2012-Q3,123.55,66.06951871657753,62.55347593582887,63.41549295774648,71.94444444444444
2012-09-25,2012-Q3,130.15,69.59893048128342,62.56684491978609,63.41549295774648,71.94029850746269
2012-09-26,2012-Q3,129.1,69.03743315508021,62.63368983957219,63.41549295774648,71.89393939393939
2012-09-27,2012-Q3,124.6,66.63101604278074,62.74064171122995,63.41549295774648,71.89393939393939
2012-09-28,2012-Q3,126.1,67.4331550802139,62.80748663101605,63.41549295774648,71.69191919191918
2012-10-01,2012-Q4,125.5,67.11229946524064,62.86096256684492,63.41549295774648,71.39303482587066
2012-10-02,2012-Q4,125.5,67.11229946524064,62.90106951871658,63.41549295774648,71.22994652406416
2012-10-03,2012-Q4,129.5,69.25133689839572,62.94117647058823,63.41549295774648,71.19402985074628
2012-10-04,2012-Q4,132.65,70.93582887700535,63.021390374331546,63.41549295774648,70.93582887700535
2012-10-05,2012-Q4,139.35,74.5187165775401,63.08823529411764,63.41549295774648,70.93582887700535
2012-10-08,2012-Q4,134.3,71.81818181818183,63.14171122994652,63.41549295774648,70.93582887700535
2012-10-09,2012-Q4,132.95,71.09625668449196,63.22192513368984,63.41549295774648,70.93582887700535
2012-10-10,2012-Q4,134.35,71.84491978609626,63.32887700534759,63.41549295774648,70.93582887700535
2012-10-11,2012-Q4,138.25,73.93048128342245,63.32887700534759,63.41549295774648,70.93582887700535
2012-10-12,2012-Q4,138.1,73.85026737967914,63.54278074866311,63.41549295774648,70.93582887700535
2012-10-15,2012-Q4,138.05,73.82352941176471,63.54278074866311,63.41549295774648,70.93582887700535
2012-10-16,2012-Q4,132.8,71.01604278074866,63.62299465240642,63.41549295774648,70.93582887700535
2012-10-17,2012-Q4,130.05,69.54545454545455,63.66310160427807,63.41549295774648,70.88235294117648
2012-10-18,2012-Q4,131.95,70.5614973262032,63.72994652406416,63.41549295774648,70.77114427860697
2012-10-19,2012-Q4,129.9,69.46524064171123,63.77005347593583,63.41549295774648,70.72139303482588
2012-10-22,2012-Q4,130.8,69.94652406417113,63.87700534759358,63.41549295774648,70.5614973262032
2012-10-23,2012-Q4,128.0,68.44919786096256,63.8903743315508,63.41549295774648,70.53030303030303
2012-10-24,2012-Q4,128.0,68.44919786096256,63.8903743315508,63.41549295774648,70.42929292929293
2012-10-25,2012-Q4,127.85,68.36898395721924,64.03743315508021,63.41549295774648,70.29411764705881
2012-10-26,2012-Q4,126.15,67.45989304812834,64.1711229946524,63.41549295774648,70.26737967914438
2012-10-29,2012-Q4,123.05,65.80213903743315,64.41176470588235,63.41549295774648,70.21390374331551
2012-10-30,2012-Q4,120.8,64.59893048128342,64.41176470588235,63.41549295774648,70.18716577540107
2012-10-31,2012-Q4,124.95,66.81818181818181,64.57219251336898,63.41549295774648,69.94652406417113
2012-11-01,2012-Q4,124.15,66.3903743315508,64.57219251336898,63.41549295774648,69.62121212121212
2012-11-02,2012-Q4,122.8,65.66844919786095,64.57219251336898,63.41549295774648,69.59893048128342
2012-11-05,2012-Q4,112.55,60.18716577540106,64.41176470588235,63.33289397705305,69.54545454545455
2012-11-06,2012-Q4,111.05,59.38502673796791,64.14438502673798,63.22192513368984,69.54545454545455
2012-11-07,2012-Q4,113.5,60.695187165775394,63.8903743315508,63.14171122994652,69.49197860962566
2012-11-08,2012-Q4,113.05,60.454545454545446,63.77005347593583,63.10009791368532,69.46524064171123
2012-11-09,2012-Q4,113.25,60.5614973262032,63.68983957219251,63.086728929728096,69.35828877005346
2012-11-12,2012-Q4,111.45,59.59893048128342,63.395721925133685,63.086728929728096,69.33155080213903
2012-11-13,2012-Q4,112.0,59.89304812834224,63.14171122994652,63.086728929728096,69.27230046948358
2012-11-14,2012-Q4,112.0,59.89304812834224,63.08823529411764,63.021390374331546,69.25133689839572
2012-11-15,2012-Q4,110.65,59.17112299465241,63.021390374331546,62.94117647058823,69.1542288557214
2012-11-16,2012-Q4,110.2,58.93048128342246,62.94117647058823,62.90106951871658,69.03743315508021
2012-11-19,2012-Q4,111.5,59.62566844919786,62.90106951871658,62.887512239210665,68.9906103286385
2012-11-20,2012-Q4,110.9,59.3048128342246,62.86096256684492,62.875586854460096,68.91414141414141
2012-11-21,2012-Q4,108.65,58.10160427807487,62.80748663101605,62.84903718209435,68.87700534759358
2012-11-22,2012-Q4,111.05,59.38502673796791,62.74064171122995,62.80748663101605,68.83838383838385
2012-11-23,2012-Q4,114.55,61.2566844919786,62.63368983957219,62.76361376817052,68.80281690140846
2012-11-26,2012-Q4,115.05,61.52406417112299,62.56684491978609,62.72350681629887,68.5680751173709
2012-11-27,2012-Q4,116.3,62.19251336898395,62.56684491978609,62.63368983957219,68.55614973262031
2012-11-28,2012-Q4,116.3,62.19251336898395,62.56684491978609,62.56684491978609,68.52112676056338
2012-11-29,2012-Q4,112.9,60.37433155080214,62.56684491978609,62.55347593582887,68.44919786096256
2012-11-30,2012-Q4,114.35,61.14973262032085,62.55347593582887,62.513368983957214,68.44919786096256
2012-12-03,2012-Q4,115.4,61.711229946524064,62.55347593582887,62.41702442820919,68.36898395721924
2012-12-04,2012-Q4,117.8,62.99465240641711,62.55347593582887,62.41702442820919,68.28877005347593
2012-12-05,2012-Q4,120.05,64.19786096256684,62.55347593582887,62.41702442820919,68.13432835820896
2012-12-06,2012-Q4,120.45,64.41176470588235,62.56684491978609,62.41702442820919,68.09859154929579
2012-12-07,2012-Q4,118.7,63.475935828877006,62.56684491978609,62.41702442820919,68.09859154929579
2012-12-10,2012-Q4,117.2,62.67379679144385,62.56684491978609,62.41702442820919,68.09859154929579
2012-12-11,2012-Q4,115.75,61.89839572192513,62.55347593582887,62.31007255655143,68.03482587064677
2012-12-12,2012-Q4,113.15,60.50802139037433,62.55347593582887,62.23965002134017,68.03030303030303
2012-12-13,2012-Q4,111.2,59.465240641711226,62.55347593582887,62.1995430694685,67.981220657277
2012-12-14,2012-Q4,111.65,59.70588235294117,62.37967914438502,62.19251336898395,67.88557213930349
2012-12-17,2012-Q4,114.0,60.962566844919785,62.19251336898395,62.19251336898395,67.67676767676768
2012-12-18,2012-Q4,118.35,63.28877005347593,62.19251336898395,62.19251336898395,67.47474747474747
2012-12-19,2012-Q4,115.9,61.97860962566845,62.19251336898395,62.19251336898395,67.47474747474747
2012-12-20,2012-Q4,115.05,61.52406417112299,62.0855614973262,62.19251336898395,67.45989304812834
2012-12-21,2012-Q4,113.05,60.454545454545446,61.93850267379679,62.152406417112296,67.4331550802139
2012-12-24,2012-Q4,112.95,60.401069518716575,61.80481283422459,62.11229946524064,67.4331550802139
2012-12-25,2012-Q4,112.95,60.401069518716575,61.61764705882352,62.05882352941176,67.37967914438502
2012-12-26,2012-Q4,113.7,60.80213903743315,61.52406417112299,62.05882352941176,67.34848484848484
2012-12-27,2012-Q4,112.65,60.24064171122995,61.41711229946524,62.05882352941176,67.34741784037558
2012-12-28,2012-Q4,115.6,61.81818181818181,61.41711229946524,62.05882352941176,67.25352112676056
2012-12-31,2012-Q4,115.9,61.97860962566845,61.52406417112299,61.99197860962566,67.11229946524064
2013-01-01,2013-Q1,119.15,63.71657754010696,61.61764705882352,62.05882352941176,67.11229946524064
2013-01-02,2013-Q1,122.6,65.5614973262032,61.76470588235294,62.11229946524064,67.08920187793427
2013-01-03,2013-Q1,123.3,65.93582887700535,61.85828877005347,62.152406417112296,67.04545454545455
2013-01-04,2013-Q1,124.1,66.36363636363636,61.93850267379679,62.19251336898395,66.81818181818181
2013-01-07,2013-Q1,122.95,65.74866310160428,61.97860962566845,62.19251336898395,66.80751173708921
2013-01-08,2013-Q1,123.05,65.80213903743315,62.0855614973262,62.19251336898395,66.63101604278074
2013-01-09,2013-Q1,122.2,65.3475935828877,62.19251336898395,62.23262032085562,66.48989898989899
2013-01-10,2013-Q1,119.5,63.90374331550802,62.4331550802139,62.37967914438502,66.3903743315508
2013-01-11,2013-Q1,116.0,62.032085561497325,62.4331550802139,62.37967914438502,66.36363636363636
2013-01-14,2013-Q1,120.45,64.41176470588235,62.68716577540107,62.513368983957214,66.26262626262626
2013-01-15,2013-Q1,120.2,64.27807486631016,62.8475935828877,62.55347593582887,66.12676056338029
2013-01-16,2013-Q1,117.8,62.99465240641711,62.99465240641711,62.56684491978609,66.06951871657753
2013-01-17,2013-Q1,117.3,62.72727272727272,62.99465240641711,62.62032085561497,65.93582887700535
2013-01-18,2013-Q1,113.95,60.93582887700535,62.99465240641711,62.62032085561497,65.80213903743315
2013-01-21,2013-Q1,114.0,60.962566844919785,62.99465240641711,62.62032085561497,65.80213903743315
2013-01-22,2013-Q1,112.1,59.94652406417112,62.99465240641711,62.62032085561497,65.74866310160428
2013-01-23,2013-Q1,108.2,57.86096256684492,62.99465240641711,62.62032085561497,65.66844919786095
2013-01-24,2013-Q1,107.55,57.513368983957214,62.99465240641711,62.62032085561497,65.5614973262032
2013-01-25,2013-Q1,110.45,59.06417112299465,62.99465240641711,62.62032085561497,65.4812834224599
2013-01-28,2013-Q1,107.95,57.72727272727273,62.86096256684492,62.62032085561497,65.47979797979798
2013-01-29,2013-Q1,108.3,57.91443850267379,62.70053475935829,62.62032085561497,65.3475935828877
2013-01-30,2013-Q1,106.85,57.13903743315508,62.4331550802139,62.62032085561497,65.32863849765259
2013-01-31,2013-Q1,106.95,57.19251336898395,62.19251336898395,62.62032085561497,65.18779342723005
2013-02-01,2013-Q1,106.25,56.81818181818181,62.11229946524064,62.62032085561497,65.1643192488263
2013-02-04,2013-Q1,106.05,56.71122994652406,62.00534759358288,62.62032085561497,65.02347417840376
2013-02-05,2013-Q1,104.9,56.096256684491976,61.97860962566845,62.62032085561497,64.90610328638498
2013-02-06,2013-Q1,104.65,55.962566844919785,61.93850267379679,62.62032085561497,64.8663101604278
2013-02-07,2013-Q1,104.5,55.882352941176464,61.85828877005347,62.62032085561497,64.83568075117371
2013-02-08,2013-Q1,103.6,55.40106951871657,61.76470588235294,62.62032085561497,64.81283422459893
2013-02-11,2013-Q1,103.9,55.56149732620321,61.61764705882352,62.62032085561497,64.78609625668449
2013-02-12,2013-Q1,103.8,55.50802139037432,61.52406417112299,62.62032085561497,64.71830985915493
2013-02-13,2013-Q1,103.05,55.10695187165775,61.3903743315508,62.56684491978609,64.67136150234742
2013-02-14,2013-Q1,98.35,52.59358288770053,61.203208556149725,62.55347593582887,64.59893048128342
2013-02-15,2013-Q1,98.1,52.459893048128336,61.05614973262031,62.55347593582887,64.5774647887324
2013-02-18,2013-Q1,99.95,53.44919786096256,60.962566844919785,62.513368983957214,64.55399061032864
2013-02-19,2013-Q1,100.15,53.55614973262032,60.94919786096257,62.513368983957214,64.54545454545455
2013-02-20,2013-Q1,99.5,53.208556149732615,60.86898395721925,62.513368983957214,64.53051643192488
2013-02-21,2013-Q1,96.05,51.36363636363636,60.74866310160427,62.513368983957214,64.41176470588235
2013-02-22,2013-Q1,96.6,51.65775401069518,60.6283422459893,62.513368983957214,64.41176470588235
2013-02-25,2013-Q1,93.15,49.81283422459893,60.53475935828877,62.513368983957214,64.34343434343435
2013-02-26,2013-Q1,93.05,49.75935828877005,60.48128342245989,62.37967914438502,64.27807486631016
2013-02-27,2013-Q1,95.25,50.93582887700534,60.454545454545446,62.23262032085562,64.27807486631016
2013-02-28,2013-Q1,90.75,48.52941176470588,60.42780748663101,62.19251336898395,64.19786096256684
2013-03-01,2013-Q1,94.25,56.10119047619048,60.401069518716575,62.19251336898395,64.17840375586854
2013-03-04,2013-Q1,93.95,55.92261904761905,60.38770053475936,62.152406417112296,64.11764705882352
2013-03-05,2013-Q1,94.9,56.48809523809524,60.30748663101605,62.11229946524064,64.06417112299465
2013-03-06,2013-Q1,94.85,56.45833333333333,60.21390374331551,62.07219251336898,64.04040404040404
2013-03-07,2013-Q1,99.05,58.958333333333336,60.06684491978609,62.00534759358288,64.01069518716578
2013-03-08,2013-Q1,98.5,58.63095238095238,59.91978609625668,61.97860962566845,63.98395721925134
2013-03-11,2013-Q1,99.5,59.22619047619048,59.89304812834224,61.93850267379679,63.90374331550802
2013-03-12,2013-Q1,98.1,58.39285714285714,59.89304812834224,61.85828877005347,63.850267379679146
2013-03-13,2013-Q1,96.4,57.38095238095239,59.7994652406417,61.76470588235294,63.82629107981221
2013-03-14,2013-Q1,98.8,58.80952380952381,59.66577540106951,61.61764705882352,63.81313131313131
2013-03-15,2013-Q1,97.55,58.06547619047619,59.61229946524064,61.52406417112299,63.77005347593583
2013-03-18,2013-Q1,99.1,58.988095238095234,59.54545454545455,61.47058823529411,63.77005347593583
2013-03-19,2013-Q1,95.3,56.72619047619048,59.42513368983957,61.36363636363636,63.71657754010696
2013-03-20,2013-Q1,92.6,55.11904761904762,59.344919786096256,61.283422459893046,63.6898395721925
2013-03-21,2013-Q1,92.55,55.08928571428572,59.344919786096256,61.203208556149725,63.63636363636363
2013-03-22,2013-Q1,91.9,54.70238095238096,59.344919786096256,61.14973262032085,63.6096256684492
2013-03-25,2013-Q1,91.8,54.642857142857146,59.26550165520754,61.05614973262031,63.51010101010101
2013-03-26,2013-Q1,92.45,55.02976190476191,59.145180799592566,60.962566844919785,63.475935828877006
2013-03-27,2013-Q1,92.45,55.02976190476191,59.145180799592566,60.94919786096257,63.475935828877006
2013-03-28,2013-Q1,93.8,55.833333333333336,59.02613318054495,60.90909090909091,63.42723004694836
2013-03-29,2013-Q1,93.8,55.833333333333336,58.973214285714285,60.84224598930481,63.40375586854461
2013-04-01,2013-Q2,93.85,55.863095238095234,58.88392857142857,60.76203208556149,63.28877005347593
2013-04-02,2013-Q2,96.55,57.470238095238095,58.720238095238095,60.72192513368984,63.26203208556149
2013-04-03,2013-Q2,92.65,55.14880952380953,58.51190476190476,60.708556149732615,63.18181818181818
2013-04-04,2013-Q2,91.05,54.19642857142857,58.22916666666666,60.6283422459893,63.10160427807486
2013-04-05,2013-Q2,91.7,54.583333333333336,57.98995734657499,60.53475935828877,63.09859154929578
2013-04-08,2013-Q2,91.45,54.43452380952381,57.88770053475936,60.48128342245989,63.07486631016042
2013-04-09,2013-Q2,90.25,53.720238095238095,57.794117647058826,60.454545454545446,62.99465240641711
2013-04-10,2013-Q2,89.35,53.18452380952381,57.62032085561497,60.42780748663101,62.99465240641711
2013-04-11,2013-Q2,90.2,53.6904761904762,57.491803539597655,60.401069518716575,62.96791443850267
2013-04-12,2013-Q2,91.65,54.55357142857143,57.42559523809524,60.38770053475936,62.9144385026738
2013-04-15,2013-Q2,88.4,52.61904761904763,57.286732874968166,60.30748663101605,62.88770053475936
2013-04-16,2013-Q2,90.55,53.898809523809526,57.16577540106952,60.21390374331551,62.88732394366197
2013-04-17,2013-Q2,91.85,54.67261904761904,56.97860962566845,60.06684491978609,62.86384976525822
2013-04-18,2013-Q2,92.15,54.85119047619048,56.77218614718615,59.9331550802139,62.83422459893048
2013-04-19,2013-Q2,92.15,54.85119047619048,56.71871021135727,59.91978609625668,62.82828282828283
2013-04-22,2013-Q2,95.05,56.57738095238096,56.64430544945251,59.90641711229946,62.780748663101605
2013-04-23,2013-Q2,94.25,56.10119047619048,56.5327380952381,59.89304812834224,62.74647887323944
2013-04-24,2013-Q2,94.25,56.10119047619048,56.473214285714285,59.7994652406417,62.72727272727272
2013-04-25,2013-Q2,94.75,56.398809523809526,56.42857142857143,59.66577540106951,62.70053475935829
2013-04-26,2013-Q2,90.4,53.80952380952382,56.25,59.61229946524064,62.67379679144385
2013-04-29,2013-Q2,92.1,54.82142857142857,56.10119047619048,59.55882352941176,62.56684491978609
2013-04-30,2013-Q2,92.2,54.88095238095239,56.10119047619048,59.50534759358288,62.56684491978609
2013-05-01,2013-Q2,92.2,54.88095238095239,56.09872358034123,59.47860962566844,62.54010695187166
2013-05-02,2013-Q2,93.4,55.5952380952381,56.02941176470589,59.42513368983957,62.53521126760563
2013-05-03,2013-Q2,94.5,56.25,56.02941176470589,59.38502673796791,62.53521126760563
2013-05-06,2013-Q2,97.05,57.767857142857146,56.02941176470589,59.344919786096256,62.48663101604277
2013-05-07,2013-Q2,98.05,58.36309523809524,56.02941176470589,59.344919786096256,62.3474178403756
2013-05-08,2013-Q2,96.75,57.58928571428572,56.02941176470589,59.344919786096256,62.27272727272727
2013-05-09,2013-Q2,95.25,56.69642857142858,56.02941176470589,59.344919786096256,62.206572769953056
2013-05-10,2013-Q2,93.2,55.47619047619048,55.94259294626941,59.344919786096256,62.19251336898395
2013-05-11,2013-Q2,94.0,55.95238095238096,55.93750000000001,59.344919786096256,62.19251336898395
2013-05-13,2013-Q2,91.9,54.70238095238096,55.90248599439776,59.344919786096256,62.19251336898395
2013-05-14,2013-Q2,94.2,56.07142857142858,55.90248599439776,59.344919786096256,62.19251336898395
2013-05-15,2013-Q2,96.55,57.470238095238095,55.90248599439776,59.344919786096256,62.11229946524064
2013-05-16,2013-Q2,97.1,57.79761904761904,55.90248599439776,59.344919786096256,62.11229946524064
2013-05-17,2013-Q2,105.8,62.97619047619048,55.90248599439776,59.344919786096256,62.11229946524064
2013-05-20,2013-Q2,101.7,60.53571428571429,55.90248599439776,59.344919786096256,62.08920187793427
2013-05-21,2013-Q2,105.1,62.55952380952381,55.90248599439776,59.38502673796791,62.08920187793427
2013-05-22,2013-Q2,108.35,64.49404761904762,55.90248599439776,59.42513368983957,62.08920187793427
2013-05-23,2013-Q2,97.3,57.91666666666666,55.90248599439776,59.42513368983957,62.032085561497325
2013-05-24,2013-Q2,96.2,57.261904761904766,55.90248599439776,59.38502673796791,62.00534759358288
2013-05-27,2013-Q2,93.95,55.92261904761905,55.90248599439776,59.344919786096256,61.97860962566845
2013-05-28,2013-Q2,95.95,57.11309523809524,55.90248599439776,59.26550165520754,61.97860962566845
2013-05-29,2013-Q2,96.3,57.32142857142857,55.90248599439776,59.19865673542144,61.97860962566845
2013-05-30,2013-Q2,96.4,57.38095238095239,55.90248599439776,59.11764705882353,61.89839572192513
2013-05-31,2013-Q2,93.85,55.863095238095234,55.87272408963585,59.02613318054495,61.81818181818181
2013-06-03,2013-Q2,91.9,54.70238095238096,55.863095238095234,58.973214285714285,61.711229946524064
2013-06-04,2013-Q2,90.7,53.98809523809524,55.848214285714285,58.9444073083779,61.69014084507043
2013-06-05,2013-Q2,90.2,53.6904761904762,55.833333333333336,58.87000254647313,61.69014084507043
2013-06-06,2013-Q2,91.65,54.55357142857143,55.71428571428572,58.720238095238095,61.54929577464789
2013-06-07,2013-Q2,89.55,53.30357142857143,55.578367710720656,58.51190476190476,61.54929577464789
2013-06-10,2013-Q2,88.45,52.648809523809526,55.53475935828877,58.37797619047619,61.52406417112299
2013-06-11,2013-Q2,88.85,52.88690476190476,55.4921059332824,58.23234975808506,61.52406417112299
2013-06-12,2013-Q2,86.8,51.66666666666666,55.438629997453525,58.08354023427553,61.45539906103287
2013-06-13,2013-Q2,85.0,50.595238095238095,55.31250000000001,57.99107142857142,61.41711229946523
2013-06-14,2013-Q2,85.3,50.773809523809526,55.13392857142858,57.91555258467022,61.33802816901409
2013-06-17,2013-Q2,88.65,52.767857142857146,55.11299974535268,57.88770053475936,61.33802816901409
2013-06-18,2013-Q2,86.25,51.33928571428572,55.10416666666667,57.82929080723198,61.31016042780749
2013-06-19,2013-Q2,84.8,50.47619047619048,55.10416666666667,57.78273809523809,61.28342245989304
2013-06-20,2013-Q2,83.55,49.73214285714285,55.10416666666667,57.747564935064936,61.28342245989304
2013-06-21,2013-Q2,81.05,48.24404761904762,55.10416666666667,57.65827922077922,61.2566844919786
2013-06-24,2013-Q2,74.3,44.22619047619048,55.10416666666667,57.551327349121465,61.14973262032085
2013-06-25,2013-Q2,81.55,48.54166666666666,55.10416666666667,57.491803539597655,61.14973262032085
2013-06-26,2013-Q2,78.6,46.785714285714285,55.10416666666667,57.470238095238095,61.14973262032085
2013-06-27,2013-Q2,80.2,47.73809523809524,55.10416666666667,57.42559523809524,60.962566844919785
2013-06-28,2013-Q2,87.4,52.02380952380953,55.10416666666667,57.38095238095239,60.962566844919785
2013-07-01,2013-Q3,89.9,53.511904761904766,55.10416666666667,57.35119047619048,60.962566844919785
2013-07-02,2013-Q3,94.3,56.13095238095238,55.13392857142858,57.29166666666667,60.93582887700535
2013-07-03,2013-Q3,90.5,53.86904761904762,55.13392857142858,57.22720906544436,60.882352941176464
2013-07-04,2013-Q3,88.35,52.58928571428572,55.10416666666667,57.16577540106952,60.80213903743315
2013-07-05,2013-Q3,87.15,51.87500000000001,55.05952380952382,57.12606633562516,60.72769953051643
2013-07-08,2013-Q3,89.55,53.30357142857143,55.02976190476191,56.96563852813853,60.72192513368984
2013-07-09,2013-Q3,89.1,53.035714285714285,54.95535714285715,56.77218614718615,60.72192513368984
2013-07-10,2013-Q3,87.75,52.23214285714286,54.88095238095239,56.71871021135727,60.695187165775394
2013-07-11,2013-Q3,89.55,53.30357142857143,54.86607142857143,56.70382925897631,60.5614973262032
2013-07-12,2013-Q3,89.45,53.24404761904762,54.85119047619048,56.63690476190477,60.53571428571429
2013-07-15,2013-Q3,89.0,52.97619047619048,54.836309523809526,56.5327380952381,60.50802139037433
2013-07-16,2013-Q3,90.9,54.10714285714286,54.761904761904766,56.473214285714285,60.454545454545446
2013-07-17,2013-Q3,88.8,52.85714285714285,54.70238095238096,56.42857142857143,60.454545454545446
2013-07-18,2013-Q3,89.1,53.035714285714285,54.70238095238096,56.32440476190476,60.401069518716575
2013-07-19,2013-Q3,87.75,52.23214285714286,54.6875,56.19047619047619,60.401069518716575
2013-07-22,2013-Q3,89.85,53.48214285714285,54.65773809523809,56.11607142857143,60.37433155080214
2013-07-23,2013-Q3,90.15,53.66071428571429,54.61309523809524,56.10119047619048,60.24064171122995
2013-07-24,2013-Q3,88.15,52.4702380952381,54.56845238095238,56.10119047619048,60.18716577540106
2013-07-25,2013-Q3,87.35,51.99404761904762,54.55357142857143,56.09872358034123,60.164319248826295
2013-07-26,2013-Q3,85.8,51.07142857142857,54.49404761904762,56.08384262796028,59.94652406417112
2013-07-29,2013-Q3,88.55,52.708333333333336,54.31547619047619,56.01699770817418,59.91978609625668
2013-07-30,2013-Q3,85.35,50.80357142857143,54.15178571428572,55.95747389865038,59.91978609625668
2013-07-31,2013-Q3,84.2,50.11904761904762,54.04761904761905,55.93750000000001,59.89304812834224
2013-08-01,2013-Q3,83.6,49.76190476190476,53.94345238095238,55.92261904761905,59.89304812834224
2013-08-02,2013-Q3,82.5,49.10714285714286,53.88392857142857,55.90248599439776,59.73262032085562
2013-08-05,2013-Q3,81.4,48.45238095238096,53.83928571428572,55.87272408963585,59.718309859154935
2013-08-06,2013-Q3,83.9,49.9404761904762,53.76488095238096,55.863095238095234,59.70588235294117
2013-08-07,2013-Q3,87.8,52.26190476190476,53.705357142857146,55.848214285714285,59.62566844919786
2013-08-08,2013-Q3,88.55,52.708333333333336,53.6904761904762,55.833333333333336,59.59893048128342
2013-08-09,2013-Q3,88.55,52.708333333333336,53.67559523809524,55.71428571428572,59.5187165775401
2013-08-12,2013-Q3,89.8,53.45238095238096,53.58630952380953,55.578367710720656,59.49197860962566
2013-08-13,2013-Q3,89.3,53.15476190476191,53.58630952380953,55.53475935828877,59.465240641711226
2013-08-14,2013-Q3,89.55,53.30357142857143,53.49702380952381,55.4921059332824,59.38502673796791
2013-08-15,2013-Q3,89.55,53.30357142857143,53.46726190476191,55.438629997453525,59.38502673796791
2013-08-16,2013-Q3,84.5,50.29761904761905,53.46726190476191,55.27493952126305,59.3048128342246
2013-08-19,2013-Q3,82.95,49.375,53.3779761904762,55.13392857142858,59.3048128342246
2013-08-20,2013-Q3,84.45,50.267857142857146,53.30357142857143,55.11299974535268,59.22619047619048
2013-08-21,2013-Q3,82.25,48.958333333333336,53.30357142857143,55.09811879297173,59.19786096256684
2013-08-22,2013-Q3,82.75,49.25595238095238,53.30357142857143,55.05952380952382,59.17112299465241
2013-08-23,2013-Q3,82.05,48.83928571428572,53.30357142857143,55.02976190476191,59.08450704225352
2013-08-26,2013-Q3,81.85,48.720238095238095,53.273809523809526,54.95535714285715,59.06417112299465
2013-08-27,2013-Q3,80.1,47.67857142857142,53.199404761904766,54.88095238095239,59.06417112299465
2013-08-28,2013-Q3,78.4,46.66666666666667,53.0952380952381,54.86607142857143,58.988095238095234
2013-08-29,2013-Q3,82.4,49.04761904761905,53.035714285714285,54.85119047619048,58.958333333333336
2013-08-30,2013-Q3,81.1,48.273809523809526,53.00595238095238,54.836309523809526,58.93048128342246
2013-09-02,2013-Q3,86.7,51.60714285714286,52.93154761904762,54.761904761904766,58.80952380952381
2013-09-03,2013-Q3,81.4,48.45238095238096,52.8720238095238,54.70238095238096,58.63095238095238
2013-09-04,2013-Q3,83.55,49.73214285714285,52.8125,54.70238095238096,58.39285714285714
2013-09-05,2013-Q3,84.0,50.0,52.73809523809524,54.6875,58.36309523809524
2013-09-06,2013-Q3,87.85,52.29166666666666,52.708333333333336,54.65773809523809,58.286384976525824
2013-09-09,2013-Q3,87.85,52.29166666666666,52.708333333333336,54.61309523809524,58.18181818181818
2013-09-10,2013-Q3,89.35,53.18452380952381,52.708333333333336,54.56845238095238,58.10160427807487
2013-09-11,2013-Q3,89.75,53.42261904761905,52.708333333333336,54.55357142857143,58.06547619047619
2013-09-12,2013-Q3,88.2,52.50000000000001,52.67857142857143,54.49404761904762,57.99465240641711
2013-09-13,2013-Q3,90.9,54.10714285714286,52.67857142857143,54.31547619047619,57.91666666666666
2013-09-16,2013-Q3,90.0,53.57142857142858,52.67857142857143,54.15178571428572,57.91443850267379
2013-09-17,2013-Q3,89.95,53.54166666666667,52.67857142857143,54.10714285714286,57.86096256684492
2013-09-18,2013-Q3,89.95,53.54166666666667,52.67857142857143,54.04761904761905,57.83422459893048
2013-09-19,2013-Q3,93.5,55.65476190476191,52.67857142857143,54.04761904761905,57.79761904761904
2013-09-20,2013-Q3,92.95,55.32738095238096,52.67857142857143,54.04761904761905,57.767857142857146
2013-09-23,2013-Q3,88.6,52.738095238095234,52.67857142857143,53.94345238095238,57.72727272727273
2013-09-24,2013-Q3,86.4,51.42857142857143,52.61904761904762,53.88392857142857,57.70053475935829
2013-09-25,2013-Q3,87.8,52.26190476190476,52.54464285714286,53.83928571428572,57.58928571428572
2013-09-26,2013-Q3,88.95,52.94642857142858,52.54464285714286,53.76488095238096,57.513368983957214
2013-09-27,2013-Q3,89.45,53.24404761904762,52.54464285714286,53.705357142857146,57.513368983957214
2013-09-30,2013-Q3,86.05,51.220238095238095,52.48511904761905,53.6904761904762,57.513368983957214
2013-10-01,2013-Q4,87.4,52.02380952380953,52.38095238095238,53.67559523809524,57.513368983957214
2013-10-02,2013-Q4,87.4,52.02380952380953,52.29166666666666,53.61607142857143,57.513368983957214
2013-10-03,2013-Q4,91.25,54.31547619047619,52.29166666666666,53.61607142857143,57.513368983957214
2013-10-04,2013-Q4,91.6,54.523809523809526,52.29166666666666,53.61607142857143,57.513368983957214
2013-10-07,2013-Q4,93.85,55.863095238095234,52.29166666666666,53.61607142857143,57.513368983957214
2013-10-08,2013-Q4,92.6,55.11904761904762,52.29166666666666,53.61607142857143,57.513368983957214
2013-10-09,2013-Q4,94.9,56.48809523809524,52.29166666666666,53.61607142857143,57.513368983957214
2013-10-10,2013-Q4,94.8,56.42857142857143,52.29166666666666,53.61607142857143,57.513368983957214
2013-10-11,2013-Q4,96.15,57.23214285714286,52.29166666666666,53.61607142857143,57.513368983957214
2013-10-14,2013-Q4,97.75,58.18452380952381,52.29166666666666,53.61607142857143,57.58928571428572
2013-10-15,2013-Q4,96.9,57.67857142857143,52.29166666666666,53.61607142857143,57.67857142857143
2013-10-16,2013-Q4,96.9,57.67857142857143,52.38095238095238,53.61607142857143,57.67857142857143
2013-10-17,2013-Q4,96.35,57.35119047619048,52.48511904761905,53.61607142857143,57.67857142857143
2013-10-18,2013-Q4,97.4,57.97619047619048,52.54464285714286,53.61607142857143,57.70053475935829
2013-10-21,2013-Q4,98.95,58.898809523809526,52.54464285714286,53.61607142857143,57.72727272727273
2013-10-22,2013-Q4,98.15,58.42261904761905,52.64880952380953,53.61607142857143,57.767857142857146
2013-10-23,2013-Q4,98.15,58.42261904761905,52.708333333333336,53.67559523809524,57.767857142857146
2013-10-24,2013-Q4,96.95,57.708333333333336,52.708333333333336,53.6904761904762,57.72727272727273
2013-10-25,2013-Q4,95.95,57.11309523809524,52.723214285714285,53.705357142857146,57.708333333333336
2013-10-28,2013-Q4,94.6,56.30952380952381,52.79761904761904,53.76488095238096,57.70053475935829
2013-10-29,2013-Q4,98.0,58.333333333333336,52.90178571428571,53.83928571428572,57.70053475935829
2013-10-30,2013-Q4,100.75,59.970238095238095,52.96130952380953,53.88392857142857,57.70053475935829
2013-10-31,2013-Q4,105.6,62.85714285714285,53.00595238095238,53.94345238095238,57.70053475935829
2013-11-01,2013-Q4,109.6,65.23809523809524,53.035714285714285,54.04761904761905,57.70053475935829
2013-11-03,2013-Q4,108.05,64.31547619047619,53.035714285714285,54.10714285714286,57.70053475935829
2013-11-04,2013-Q4,108.05,64.31547619047619,53.035714285714285,54.15178571428572,57.70053475935829
2013-11-05,2013-Q4,112.15,66.7559523809524,53.035714285714285,54.25595238095238,57.70053475935829
2013-11-06,2013-Q4,109.85,65.38690476190476,53.0952380952381,54.25595238095238,57.70053475935829
2013-11-07,2013-Q4,107.05,63.720238095238095,53.16964285714286,54.25595238095238,57.70053475935829
2013-11-08,2013-Q4,106.55,63.42261904761905,53.16964285714286,54.25595238095238,57.70053475935829
2013-11-11,2013-Q4,105.65,62.886904761904766,53.21428571428572,54.25595238095238,57.70053475935829
2013-11-12,2013-Q4,103.15,61.39880952380953,53.24404761904762,54.25595238095238,57.70053475935829
2013-11-13,2013-Q4,102.75,61.160714285714285,53.24404761904762,54.25595238095238,57.70053475935829
2013-11-14,2013-Q4,102.9,61.25000000000001,53.273809523809526,54.25595238095238,57.70053475935829
2013-11-15,2013-Q4,102.9,61.25000000000001,53.30357142857143,54.25595238095238,57.70053475935829
2013-11-18,2013-Q4,108.25,64.43452380952381,53.30357142857143,54.25595238095238,57.70053475935829
2013-11-19,2013-Q4,107.8,64.16666666666667,53.36309523809524,54.25595238095238,57.70053475935829
2013-11-20,2013-Q4,109.05,64.91071428571429,53.43750000000001,54.25595238095238,57.70053475935829
2013-11-21,2013-Q4,108.55,64.61309523809524,53.46726190476191,54.25595238095238,57.70053475935829
2013-11-22,2013-Q4,107.95,64.25595238095238,53.49702380952382,54.25595238095238,57.70053475935829
2013-11-25,2013-Q4,118.9,70.77380952380953,53.49702380952382,54.25595238095238,57.70053475935829
2013-11-26,2013-Q4,119.6,71.19047619047619,53.54166666666667,54.25595238095238,57.70053475935829
2013-11-27,2013-Q4,119.85,71.33928571428571,53.55654761904762,54.25595238095238,57.70053475935829
2013-11-28,2013-Q4,125.0,74.40476190476191,53.83928571428572,54.25595238095238,57.70053475935829
2013-11-29,2013-Q4,124.9,74.3452380952381,54.211309523809526,54.25595238095238,57.70053475935829
2013-12-02,2013-Q4,123.6,73.57142857142857,54.41964285714286,54.25595238095238,57.70053475935829
2013-12-03,2013-Q4,124.6,74.16666666666667,54.82142857142857,54.25595238095238,57.70053475935829
2013-12-04,2013-Q4,122.1,72.67857142857143,55.22321428571429,54.25595238095238,57.70053475935829
2013-12-05,2013-Q4,127.25,75.74404761904762,55.49107142857144,54.25595238095238,57.70053475935829
2013-12-06,2013-Q4,129.65,77.17261904761905,55.75892857142857,54.25595238095238,57.70053475935829
2013-12-09,2013-Q4,134.85,80.26785714285714,56.08630952380952,54.25595238095238,57.70053475935829
2013-12-10,2013-Q4,134.6,80.11904761904762,56.36904761904762,54.375,57.70053475935829
2013-12-11,2013-Q4,130.25,77.52976190476191,56.458333333333336,54.375,57.70053475935829
2013-12-12,2013-Q4,128.7,76.60714285714285,56.80059523809524,54.41964285714286,57.70053475935829
2013-12-13,2013-Q4,124.6,74.16666666666667,57.17261904761905,54.53869047619048,57.70053475935829
2013-12-16,2013-Q4,123.55,73.54166666666667,57.29166666666667,54.55357142857143,57.70053475935829
2013-12-17,2013-Q4,125.8,74.88095238095238,57.51488095238096,54.613095238095234,57.70053475935829
2013-12-18,2013-Q4,129.65,77.17261904761905,57.67857142857143,54.6875,57.70053475935829
2013-12-19,2013-Q4,128.8,76.66666666666667,57.69345238095238,54.70238095238096,57.70053475935829
2013-12-20,2013-Q4,130.4,77.61904761904762,57.84226190476191,54.761904761904766,57.70053475935829
2013-12-23,2013-Q4,133.5,79.46428571428572,58.080357142857146,54.836309523809526,57.70053475935829
2013-12-24,2013-Q4,133.75,79.61309523809524,58.25892857142857,54.836309523809526,57.70053475935829
2013-12-25,2013-Q4,133.75,79.61309523809524,58.37797619047619,54.85119047619048,57.70053475935829
2013-12-26,2013-Q4,131.75,78.42261904761905,58.42261904761905,54.85119047619048,57.70053475935829
2013-12-27,2013-Q4,129.25,76.93452380952381,58.66071428571429,54.85119047619048,57.70053475935829
2013-12-30,2013-Q4,131.1,78.03571428571429,59.43452380952381,54.85119047619048,57.70053475935829
2013-12-31,2013-Q4,128.7,76.60714285714285,60.56547619047619,54.85119047619048,57.70053475935829
2014-01-01,2014-Q1,129.5,77.08333333333334,61.205357142857146,54.88095238095239,57.70053475935829
2014-01-02,2014-Q1,126.75,75.44642857142857,61.25000000000001,55.0,57.70053475935829
2014-01-03,2014-Q1,124.6,74.16666666666667,61.32440476190477,55.22321428571429,57.70053475935829
2014-01-06,2014-Q1,128.7,76.60714285714285,62.12797619047619,55.40178571428572,57.70053475935829
2014-01-07,2014-Q1,129.65,77.17261904761905,62.87202380952381,55.40178571428572,57.70053475935829
2014-01-08,2014-Q1,126.45,75.26785714285715,63.15476190476191,55.40178571428572,57.70053475935829
2014-01-09,2014-Q1,124.4,74.04761904761905,63.57142857142857,55.40178571428572,57.70053475935829
2014-01-10,2014-Q1,120.45,71.69642857142857,63.94345238095238,55.40178571428572,57.70053475935829
2014-01-13,2014-Q1,116.9,69.58333333333334,64.21130952380952,55.40178571428572,57.70053475935829
2014-01-14,2014-Q1,117.7,70.05952380952381,64.28571428571428,55.40178571428572,57.70053475935829
2014-01-15,2014-Q1,117.15,69.73214285714286,64.31547619047619,55.49107142857144,57.70053475935829
2014-01-16,2014-Q1,114.35,68.06547619047619,64.375,55.49107142857144,57.70053475935829
2014-01-17,2014-Q1,114.3,68.03571428571429,64.52380952380952,55.75892857142857,57.70053475935829
2014-01-20,2014-Q1,116.6,69.4047619047619,64.76190476190476,55.75892857142857,57.708333333333336
2014-01-21,2014-Q1,116.7,69.46428571428572,65.07440476190476,55.75892857142857,57.72727272727273
2014-01-22,2014-Q1,116.55,69.375,65.3125,55.75892857142857,57.767857142857146
2014-01-23,2014-Q1,116.8,69.52380952380952,66.07142857142858,55.75892857142857,57.79761904761904
2014-01-24,2014-Q1,111.95,66.63690476190476,66.69642857142858,55.75892857142857,57.86096256684492
2014-01-27,2014-Q1,105.05,62.52976190476191,66.69642857142858,55.75892857142857,57.91443850267379
2014-01-28,2014-Q1,103.9,61.8452380952381,66.69642857142858,55.75892857142857,57.91443850267379
2014-01-29,2014-Q1,102.35,60.92261904761904,66.69642857142858,55.75892857142857,57.91443850267379
2014-01-30,2014-Q1,110.25,65.625,66.69642857142858,55.75892857142857,57.91443850267379
2014-01-31,2014-Q1,115.8,68.92857142857143,67.39583333333334,55.75892857142857,57.91443850267379
2014-02-03,2014-Q1,112.15,66.7559523809524,67.39583333333334,55.75892857142857,57.91443850267379
2014-02-04,2014-Q1,114.0,67.85714285714286,67.94642857142858,55.75892857142857,57.91666666666666
2014-02-05,2014-Q1,117.55,69.9702380952381,68.05059523809524,55.75892857142857,57.97619047619048
2014-02-06,2014-Q1,118.55,70.56547619047619,68.49702380952381,55.75892857142857,57.97619047619048
2014-02-07,2014-Q1,118.6,70.59523809523809,69.15178571428572,55.99702380952381,57.97619047619048
2014-02-10,2014-Q1,118.25,70.38690476190476,69.38988095238095,56.220238095238095,57.97619047619048
2014-02-11,2014-Q1,119.1,70.89285714285714,69.43452380952381,56.36904761904762,57.97619047619048
2014-02-12,2014-Q1,125.5,74.70238095238095,69.49404761904762,56.458333333333336,57.97619047619048
2014-02-13,2014-Q1,123.2,73.33333333333334,69.55357142857143,56.80059523809524,57.97619047619048
2014-02-14,2014-Q1,121.6,72.38095238095238,69.6577380952381,57.17261904761905,57.97619047619048
2014-02-17,2014-Q1,117.85,70.14880952380952,69.85119047619048,57.29166666666667,57.97619047619048
2014-02-18,2014-Q1,122.6,72.97619047619048,70.01488095238096,57.51488095238096,57.97619047619048
2014-02-19,2014-Q1,120.6,71.78571428571429,70.10416666666666,57.67857142857143,57.97619047619048
2014-02-20,2014-Q1,121.65,72.41071428571429,70.26785714285714,57.69345238095238,57.97619047619048
2014-02-21,2014-Q1,122.4,72.85714285714286,70.47619047619048,57.84226190476191,57.97619047619048
2014-02-24,2014-Q1,125.85,74.91071428571429,70.58035714285714,58.080357142857146,57.97619047619048
2014-02-25,2014-Q1,124.75,74.25595238095238,70.68452380952381,58.25892857142857,57.97619047619048
2014-02-26,2014-Q1,125.8,74.88095238095238,70.83333333333334,58.37797619047619,57.97619047619048
2014-02-27,2014-Q1,125.8,74.88095238095238,71.04166666666666,58.42261904761905,57.97619047619048
2014-02-28,2014-Q1,128.5,76.48809523809524,71.26488095238095,58.66071428571429,57.97619047619048
2014-03-03,2014-Q1,127.5,75.89285714285714,71.51785714285714,59.43452380952381,57.97619047619048
2014-03-04,2014-Q1,132.55,78.89880952380953,71.74107142857143,60.44642857142857,57.97619047619048
2014-03-05,2014-Q1,135.2,80.47619047619047,72.08333333333334,61.04166666666666,57.97619047619048
2014-03-06,2014-Q1,140.1,83.39285714285714,72.39583333333334,61.205357142857146,57.97619047619048
2014-03-07,2014-Q1,145.2,86.42857142857143,72.54464285714286,61.25000000000001,57.97619047619048
2014-03-10,2014-Q1,152.4,90.71428571428572,72.76785714285714,61.32440476190477,57.97619047619048
2014-03-11,2014-Q1,145.55,86.63690476190477,72.91666666666667,61.62202380952382,57.97619047619048
2014-03-12,2014-Q1,145.65,86.69642857142858,73.15476190476191,62.18750000000001,57.97619047619048
2014-03-13,2014-Q1,141.55,84.2559523809524,73.4375,62.69345238095238,57.97619047619048
2014-03-14,2014-Q1,148.15,88.18452380952381,73.55654761904762,62.87202380952381,57.97619047619048
2014-03-17,2014-Q1,148.15,88.18452380952381,73.80952380952381,63.15476190476191,57.97619047619048
2014-03-18,2014-Q1,154.35,91.875,74.10714285714286,63.57142857142857,57.97619047619048
2014-03-19,2014-Q1,154.9,92.20238095238096,74.16666666666667,63.94345238095238,57.97619047619048
2014-03-20,2014-Q1,149.9,89.22619047619048,74.16666666666667,64.21130952380952,57.97619047619048
2014-03-21,2014-Q1,153.05,91.10119047619048,74.21130952380952,64.28571428571428,57.97619047619048
2014-03-22,2014-Q1,152.4,90.71428571428572,74.30059523809524,64.31547619047619,57.97619047619048
2014-03-24,2014-Q1,154.45,91.9345238095238,74.375,64.375,57.97619047619048
2014-03-25,2014-Q1,157.4,93.6904761904762,74.55357142857143,64.52380952380952,57.97619047619048
2014-03-26,2014-Q1,159.85,95.14880952380952,74.79166666666666,64.76190476190476,57.97619047619048
2014-03-27,2014-Q1,160.15,95.32738095238096,74.88095238095238,65.07440476190476,57.97619047619048
2014-03-28,2014-Q1,162.35,96.63690476190476,74.88095238095238,65.3125,57.97619047619048
2014-03-31,2014-Q1,160.4,95.47619047619048,74.89583333333334,65.50595238095238,57.97619047619048
2014-04-01,2014-Q2,157.35,93.66071428571428,75.08928571428572,66.13095238095238,57.97619047619048
2014-04-02,2014-Q2,159.0,94.64285714285715,75.35714285714286,66.69642857142858,57.97619047619048
2014-04-03,2014-Q2,155.2,92.38095238095238,75.5952380952381,66.7559523809524,57.97619047619048
2014-04-04,2014-Q2,157.05,93.48214285714286,75.81845238095238,67.30654761904762,57.97619047619048
2014-04-07,2014-Q2,151.1,89.94047619047619,76.19047619047619,67.94642857142858,57.97619047619048
2014-04-08,2014-Q2,151.1,89.94047619047619,76.54761904761904,68.05059523809524,57.97619047619048
2014-04-09,2014-Q2,165.15,98.30357142857144,76.60714285714285,68.49702380952381,57.97619047619048
2014-04-10,2014-Q2,175.05,104.19642857142858,76.60714285714285,69.15178571428572,57.97619047619048
2014-04-11,2014-Q2,175.4,104.40476190476193,76.60714285714285,69.38988095238095,57.97619047619048
2014-04-14,2014-Q2,175.4,104.40476190476193,76.60714285714285,69.43452380952381,57.97619047619048
2014-04-15,2014-Q2,178.3,106.1309523809524,76.60714285714285,69.49404761904762,57.97619047619048
2014-04-16,2014-Q2,176.6,105.11904761904762,76.60714285714285,69.55357142857143,57.97619047619048
2014-04-17,2014-Q2,188.85,112.41071428571428,76.63690476190476,69.6577380952381,57.97619047619048
2014-04-18,2014-Q2,188.85,112.41071428571428,76.80059523809524,69.85119047619048,57.97619047619048
2014-04-21,2014-Q2,186.1,110.77380952380952,77.00892857142858,70.01488095238096,57.97619047619048
2014-04-22,2014-Q2,187.55,111.63690476190476,77.00892857142858,70.10416666666666,57.97619047619048
2014-04-23,2014-Q2,184.5,109.82142857142856,77.1279761904762,70.26785714285714,57.97619047619048
2014-04-24,2014-Q2,184.5,109.82142857142856,77.1279761904762,70.47619047619048,57.97619047619048
2014-04-25,2014-Q2,175.85,104.67261904761904,77.1279761904762,70.58035714285714,57.97619047619048
2014-04-28,2014-Q2,178.4,106.1904761904762,77.1279761904762,70.68452380952381,57.97619047619048
2014-04-29,2014-Q2,173.2,103.09523809523807,77.1279761904762,70.83333333333334,57.97619047619048
2014-04-30,2014-Q2,164.6,97.97619047619048,77.1279761904762,71.04166666666666,57.97619047619048
2014-05-01,2014-Q2,164.6,97.97619047619048,77.60416666666667,71.26488095238095,57.97619047619048
2014-05-02,2014-Q2,164.85,98.125,78.03571428571429,71.51785714285714,57.97619047619048
2014-05-05,2014-Q2,166.35,99.01785714285714,79.6875,71.74107142857143,57.97619047619048
2014-05-06,2014-Q2,170.1,101.25,81.9345238095238,72.08333333333334,57.97619047619048
2014-05-07,2014-Q2,169.35,100.80357142857144,83.82440476190476,72.39583333333334,57.97619047619048
2014-05-08,2014-Q2,168.35,100.20833333333331,85.34226190476191,72.54464285714286,57.97619047619048
2014-05-09,2014-Q2,174.7,103.98809523809524,86.5327380952381,72.76785714285714,57.97619047619048
2014-05-12,2014-Q2,177.55,105.68452380952382,86.66666666666669,72.91666666666667,57.97619047619048
2014-05-13,2014-Q2,176.0,104.76190476190476,87.4404761904762,73.15476190476191,57.97619047619048
2014-05-14,2014-Q2,180.85,107.64880952380952,88.18452380952381,73.4375,57.97619047619048
2014-05-15,2014-Q2,173.85,103.48214285714286,88.70535714285714,73.55654761904762,57.97619047619048
2014-05-16,2014-Q2,171.1,101.8452380952381,89.58333333333334,73.80952380952381,57.97619047619048
2014-05-19,2014-Q2,194.85,115.98214285714286,89.94047619047619,74.10714285714286,57.97619047619048
2014-05-20,2014-Q2,191.15,113.77976190476193,90.32738095238096,74.16666666666667,57.97619047619048
2014-05-21,2014-Q2,186.65,111.10119047619048,90.71428571428572,74.16666666666667,57.97619047619048
2014-05-22,2014-Q2,190.5,113.39285714285715,90.9077380952381,74.21130952380952,57.97619047619048
2014-05-23,2014-Q2,195.1,116.13095238095238,91.48809523809524,74.30059523809524,57.97619047619048
2014-05-26,2014-Q2,193.45,115.14880952380952,91.9047619047619,74.375,57.97619047619048
2014-05-27,2014-Q2,185.1,110.17857142857144,92.06845238095238,74.55357142857143,57.97619047619048
2014-05-28,2014-Q2,186.6,111.07142857142856,92.29166666666669,74.79166666666666,57.97619047619048
2014-05-29,2014-Q2,178.85,106.45833333333331,92.93154761904762,74.88095238095238,57.97619047619048
2014-05-30,2014-Q2,182.6,108.6904761904762,93.57142857142856,74.88095238095238,57.97619047619048
2014-06-02,2014-Q2,188.2,112.02380952380952,93.67559523809524,74.89583333333334,57.97619047619048
2014-06-03,2014-Q2,197.25,117.41071428571428,94.16666666666669,75.08928571428572,57.97619047619048
2014-06-04,2014-Q2,211.6,125.95238095238096,94.89583333333334,75.35714285714286,57.97619047619048
2014-06-05,2014-Q2,208.7,124.22619047619048,95.23809523809524,75.5952380952381,57.97619047619048
2014-06-06,2014-Q2,210.35,125.20833333333331,95.40178571428572,75.81845238095238,57.97619047619048
2014-06-09,2014-Q2,211.05,125.625,96.05654761904762,76.19047619047619,57.97619047619048
2014-06-10,2014-Q2,213.2,126.9047619047619,97.30654761904762,76.54761904761904,57.97619047619048
2014-06-11,2014-Q2,209.75,124.85119047619048,97.97619047619048,76.60714285714285,57.97619047619048
2014-06-12,2014-Q2,207.6,123.57142857142856,98.05059523809524,76.60714285714285,57.97619047619048
2014-06-13,2014-Q2,198.2,117.97619047619048,98.21428571428572,76.63690476190476,58.06547619047619
2014-06-16,2014-Q2,201.15,119.73214285714286,98.66071428571428,76.80059523809524,58.18452380952381
2014-06-17,2014-Q2,203.3,121.01190476190476,99.61309523809524,77.00892857142858,58.18452380952381
2014-06-18,2014-Q2,198.25,118.00595238095238,100.50595238095238,77.1279761904762,58.333333333333336
2014-06-19,2014-Q2,194.5,115.77380952380952,101.02678571428572,77.17261904761905,58.36309523809524
2014-06-20,2014-Q2,192.5,114.58333333333334,101.54761904761904,77.17261904761905,58.39285714285714
2014-06-23,2014-Q2,190.2,113.21428571428572,102.47023809523807,77.35119047619048,58.42261904761905
2014-06-24,2014-Q2,198.45,118.125,103.28869047619048,77.57440476190476,58.42261904761905
2014-06-25,2014-Q2,198.05,117.88690476190476,103.73511904761904,77.82738095238096,58.63095238095238
2014-06-26,2014-Q2,195.9,116.60714285714286,104.09226190476193,78.22916666666667,58.80952380952381
2014-06-27,2014-Q2,195.4,116.3095238095238,104.30059523809526,78.66071428571429,58.898809523809526
2014-06-30,2014-Q2,200.7,119.46428571428572,104.40476190476193,79.18154761904762,58.958333333333336
2014-07-01,2014-Q3,203.3,121.01190476190476,104.53869047619048,79.53869047619048,58.988095238095234
2014-07-02,2014-Q3,206.6,122.97619047619048,104.7172619047619,79.61309523809524,59.22619047619048
2014-07-03,2014-Q3,205.15,122.11309523809524,104.9404761904762,79.86607142857143,59.970238095238095
2014-07-04,2014-Q3,207.65,123.60119047619048,105.40178571428572,80.19345238095238,60.53571428571429
2014-07-07,2014-Q3,209.8,124.8809523809524,105.9077380952381,80.3720238095238,60.92261904761904
2014-07-08,2014-Q3,197.85,117.76785714285714,106.1607142857143,81.9345238095238,61.160714285714285
2014-07-09,2014-Q3,187.1,111.36904761904762,106.32440476190476,83.82440476190476,61.25000000000001
2014-07-10,2014-Q3,191.4,113.92857142857144,107.05357142857142,85.34226190476191,61.25000000000001
2014-07-11,2014-Q3,171.7,102.20238095238096,107.05357142857142,86.5327380952381,61.39880952380953
2014-07-14,2014-Q3,176.95,105.32738095238096,107.05357142857142,86.66666666666669,61.8452380952381
2014-07-15,2014-Q3,184.55,109.85119047619048,108.16964285714286,87.4404761904762,62.52976190476191
2014-07-16,2014-Q3,185.95,110.6845238095238,109.25595238095238,88.18452380952381,62.55952380952381
2014-07-17,2014-Q3,210.75,125.44642857142856,109.82142857142856,88.70535714285714,62.85714285714285
2014-07-18,2014-Q3,210.55,125.32738095238096,109.83630952380952,89.58333333333334,62.886904761904766
2014-07-21,2014-Q3,208.05,123.83928571428572,110.01488095238096,89.94047619047619,62.97619047619048
2014-07-22,2014-Q3,207.1,123.27380952380952,110.43154761904762,90.32738095238096,63.42261904761905
2014-07-23,2014-Q3,206.9,123.15476190476193,110.72916666666666,90.71428571428572,63.720238095238095
2014-07-24,2014-Q3,202.5,120.53571428571428,110.92261904761904,90.9077380952381,64.16666666666667
2014-07-25,2014-Q3,193.15,114.9702380952381,111.08630952380952,91.48809523809524,64.25595238095238
2014-07-28,2014-Q3,191.25,113.83928571428572,111.23511904761904,91.9047619047619,64.31547619047619
2014-07-29,2014-Q3,191.25,113.83928571428572,111.5029761904762,92.06845238095238,64.31547619047619
2014-07-30,2014-Q3,195.5,116.36904761904762,111.83035714285714,92.29166666666669,64.43452380952381
2014-07-31,2014-Q3,194.45,115.74404761904762,112.2172619047619,92.93154761904762,64.49404761904762
2014-08-01,2014-Q3,191.55,114.01785714285715,112.41071428571428,93.57142857142856,64.61309523809524
2014-08-04,2014-Q3,203.4,121.07142857142858,112.8125,93.67559523809524,64.91071428571429
2014-08-05,2014-Q3,194.6,115.83333333333331,113.30357142857144,94.16666666666669,65.23809523809524
2014-08-06,2014-Q3,196.6,117.02380952380952,113.58630952380956,94.89583333333334,65.38690476190476
2014-08-07,2014-Q3,198.6,118.21428571428572,113.80952380952382,95.23809523809524,65.625
2014-08-08,2014-Q3,193.45,115.14880952380952,113.83928571428572,95.40178571428572,66.63690476190476
2014-08-11,2014-Q3,198.65,118.24404761904762,113.88392857142858,96.05654761904762,66.7559523809524
2014-08-12,2014-Q3,200.3,119.22619047619048,113.9732142857143,97.30654761904762,66.7559523809524
2014-08-13,2014-Q3,190.85,113.60119047619048,113.9732142857143,97.97619047619048,67.85714285714286
2014-08-14,2014-Q3,197.95,117.82738095238096,114.30059523809524,98.05059523809524,68.03571428571429
2014-08-15,2014-Q3,197.95,117.82738095238096,114.77678571428572,98.21428571428572,68.06547619047619
2014-08-18,2014-Q3,204.0,121.42857142857144,115.0595238095238,98.66071428571428,68.92857142857143
2014-08-19,2014-Q3,208.4,124.04761904761904,115.14880952380952,99.61309523809524,69.375
2014-08-20,2014-Q3,204.8,121.90476190476193,115.44642857142856,100.50595238095238,69.4047619047619
2014-08-21,2014-Q3,202.0,120.23809523809524,115.75892857142856,101.02678571428572,69.46428571428572
2014-08-22,2014-Q3,202.55,120.5654761904762,115.80357142857142,101.54761904761904,69.52380952380952
2014-08-25,2014-Q3,197.6,117.61904761904762,115.90773809523807,102.02380952380952,69.58333333333334
2014-08-26,2014-Q3,197.15,117.35119047619048,116.05654761904762,102.64880952380952,69.73214285714286
2014-08-27,2014-Q3,195.25,116.2202380952381,116.17559523809524,103.28869047619048,69.9702380952381
2014-08-28,2014-Q3,194.75,115.92261904761904,116.17559523809524,103.73511904761904,70.05952380952381
2014-08-29,2014-Q3,194.75,115.92261904761904,116.17559523809524,104.09226190476193,70.14880952380952
2014-09-01,2014-Q3,204.2,102.61306532663316,116.17559523809524,104.09226190476193,70.38690476190476
2014-09-02,2014-Q3,202.65,101.83417085427136,116.17559523809524,104.09226190476193,70.56547619047619
2014-09-03,2014-Q3,210.75,105.90452261306532,116.17559523809524,104.30059523809526,70.59523809523809
2014-09-04,2014-Q3,209.1,105.07537688442213,116.17559523809524,104.40476190476193,70.77380952380953
2014-09-05,2014-Q3,217.95,109.52261306532662,116.17559523809524,104.53869047619048,70.89285714285714
2014-09-08,2014-Q3,226.4,113.76884422110552,116.17559523809524,104.7172619047619,71.19047619047619
2014-09-09,2014-Q3,226.3,113.71859296482413,116.17559523809524,104.91864082316344,71.33928571428571
2014-09-10,2014-Q3,226.1,113.6180904522613,116.17559523809524,105.09721225173487,71.69642857142857
2014-09-11,2014-Q3,224.65,112.88944723618091,116.17559523809524,105.22321428571428,71.78571428571429
2014-09-12,2014-Q3,221.5,111.3065326633166,116.17559523809524,105.5059523809524,72.38095238095238
2014-09-15,2014-Q3,219.7,110.40201005025123,116.17559523809524,105.79452321129456,72.41071428571429
2014-09-16,2014-Q3,207.2,104.12060301507536,116.17559523809524,105.79452321129456,72.67857142857143
2014-09-17,2014-Q3,215.45,108.26633165829143,116.17559523809524,106.01773749700884,72.85714285714286
2014-09-18,2014-Q3,218.8,109.9497487437186,116.17559523809524,106.1607142857143,72.97619047619048
2014-09-19,2014-Q3,211.8,106.4321608040201,116.17559523809524,106.31131849724817,73.33333333333334
2014-09-22,2014-Q3,213.85,107.46231155778894,116.17559523809524,106.44524706867672,73.54166666666667
2014-09-23,2014-Q3,207.3,104.1708542713568,116.17559523809524,106.44524706867672,73.57142857142857
2014-09-24,2014-Q3,206.3,103.66834170854273,116.17559523809524,106.44524706867672,74.04761904761905
2014-09-25,2014-Q3,197.7,99.3467336683417,116.17559523809524,106.44524706867672,74.16666666666667
2014-09-26,2014-Q3,200.25,100.6281407035176,116.07142857142856,106.44524706867672,74.16666666666667
2014-09-29,2014-Q3,199.0,100.0,116.07142857142856,106.44524706867672,74.16666666666667
2014-09-30,2014-Q3,201.1,101.05527638190956,116.07142857142856,106.44524706867672,74.25595238095238
2014-10-01,2014-Q4,200.05,100.52763819095478,116.07142857142856,106.44524706867672,74.3452380952381
2014-10-02,2014-Q4,200.05,100.52763819095478,116.07142857142856,106.44524706867672,74.40476190476191
2014-10-03,2014-Q4,200.05,100.52763819095478,116.07142857142856,106.44524706867672,74.70238095238095
2014-10-06,2014-Q4,200.05,100.52763819095478,116.07142857142856,106.44524706867672,74.88095238095238
2014-10-07,2014-Q4,194.65,97.8140703517588,115.92261904761904,106.44524706867672,74.88095238095238
2014-10-08,2014-Q4,201.9,101.4572864321608,115.87797619047618,106.44524706867672,74.88095238095238
2014-10-09,2014-Q4,209.6,105.32663316582914,115.80357142857142,106.44524706867672,74.91071428571429
2014-10-10,2014-Q4,202.45,101.73366834170854,115.75892857142856,106.44524706867672,75.26785714285715
2014-10-13,2014-Q4,204.95,102.98994974874373,115.44642857142856,106.44524706867672,75.44642857142857
2014-10-14,2014-Q4,205.45,103.24120603015076,115.0595238095238,106.44524706867672,75.74404761904762
2014-10-15,2014-Q4,205.45,103.24120603015076,114.77678571428572,106.44524706867672,75.89285714285714
2014-10-16,2014-Q4,188.85,94.8994974874372,114.30059523809524,106.44524706867672,76.48809523809524
2014-10-17,2014-Q4,190.95,95.95477386934672,113.9732142857143,106.44524706867672,76.60714285714285
2014-10-20,2014-Q4,189.15,95.0502512562814,113.88392857142858,106.44524706867672,76.60714285714285
2014-10-21,2014-Q4,187.1,94.02010050251256,113.83928571428572,106.44524706867672,76.60714285714285
2014-10-22,2014-Q4,187.45,94.19597989949747,113.80406496769562,106.44524706867672,76.66666666666667
2014-10-23,2014-Q4,188.5,94.72361809045226,113.74371859296484,106.44524706867672,76.93452380952381
2014-10-24,2014-Q4,188.5,94.72361809045226,113.66834170854273,106.44524706867672,77.08333333333334
2014-10-27,2014-Q4,178.55,89.72361809045226,113.66834170854273,106.44524706867672,77.17261904761905
2014-10-28,2014-Q4,180.85,90.87939698492464,113.60964046422588,106.44524706867672,77.17261904761905
2014-10-29,2014-Q4,181.2,91.05527638190954,113.24531885618568,106.44524706867672,77.17261904761905
2014-10-30,2014-Q4,184.2,92.56281407035176,112.12924742761427,106.44524706867672,77.52976190476191
2014-10-31,2014-Q4,188.5,94.72361809045226,111.33779014118213,106.44524706867672,77.61904761904762
2014-11-03,2014-Q4,192.6,96.78391959798996,110.9955282364202,106.44524706867672,78.03571428571429
2014-11-04,2014-Q4,192.6,96.78391959798996,110.54326692988752,106.44524706867672,78.42261904761905
2014-11-05,2014-Q4,191.85,96.4070351758794,110.17587939698493,106.44524706867672,78.89880952380953
2014-11-06,2014-Q4,191.85,96.4070351758794,109.90046960995454,106.44524706867672,79.46428571428572
2014-11-07,2014-Q4,188.0,94.47236180904522,109.68690177075857,106.44524706867672,79.61309523809524
2014-11-10,2014-Q4,193.25,97.1105527638191,108.89447236180902,106.44524706867672,79.61309523809524
2014-11-11,2014-Q4,195.8,98.39195979899498,107.8643216080402,106.44524706867672,80.11904761904762
2014-11-12,2014-Q4,191.75,96.356783919598,106.94723618090453,106.44524706867672,80.26785714285714
2014-11-13,2014-Q4,187.2,94.07035175879396,106.16834170854273,106.44524706867672,80.47619047619047
2014-11-14,2014-Q4,190.0,95.47738693467336,106.16834170854273,106.44524706867672,83.39285714285714
2014-11-17,2014-Q4,194.1,97.53768844221104,106.16834170854273,106.44524706867672,84.2559523809524
2014-11-18,2014-Q4,202.75,101.88442211055276,105.61557788944722,106.44524706867672,86.42857142857143
2014-11-19,2014-Q4,196.0,98.4924623115578,105.20100502512562,106.44524706867672,86.63690476190477
2014-11-20,2014-Q4,195.5,98.24120603015076,104.62311557788946,106.44524706867672,86.69642857142858
2014-11-21,2014-Q4,195.95,98.46733668341707,104.14572864321607,106.44524706867672,88.18452380952381
2014-11-24,2014-Q4,203.95,102.48743718592964,103.89447236180904,106.44524706867672,88.18452380952381
2014-11-25,2014-Q4,198.1,99.54773869346734,103.45477386934677,106.44524706867672,89.22619047619048
2014-11-26,2014-Q4,204.5,102.7638190954774,103.24120603015076,106.44524706867672,89.72361809045226
2014-11-27,2014-Q4,191.7,96.33165829145727,103.11557788944724,106.44524706867672,89.94047619047619
2014-11-28,2014-Q4,190.65,95.80402010050253,102.87688442211056,106.44524706867672,89.94047619047619
2014-12-01,2014-Q4,186.7,29.58795562599049,102.68844221105527,106.44524706867672,89.94047619047619
2014-12-02,2014-Q4,188.7,29.90491283676704,102.5502512562814,106.44524706867672,89.94047619047619
2014-12-03,2014-Q4,191.65,30.372424722662444,102.1859296482412,106.44524706867672,89.94047619047619
2014-12-04,2014-Q4,192.3,30.475435816164826,101.85929648241206,106.44524706867672,89.94047619047619
2014-12-05,2014-Q4,191.05,30.27733755942948,101.78391959798996,106.44524706867672,89.94047619047619
2014-12-08,2014-Q4,183.95,29.15213946117274,101.59547738693468,106.44524706867672,89.94047619047619
2014-12-09,2014-Q4,178.0,28.20919175911252,101.25628140703516,106.44524706867672,89.94047619047619
2014-12-10,2014-Q4,182.35,28.898573692551505,100.84170854271358,106.44524706867672,89.94047619047619
2014-12-11,2014-Q4,178.75,28.32805071315373,100.5778894472362,106.44524706867672,89.94047619047619
2014-12-12,2014-Q4,172.35,27.31378763866878,100.52763819095478,106.44524706867672,89.94047619047619
2014-12-15,2014-Q4,170.45,27.01267828843106,100.52763819095478,106.44524706867672,89.94047619047619
2014-12-16,2014-Q4,168.85,26.759112519809825,100.52763819095478,106.44524706867672,89.94047619047619
2014-12-17,2014-Q4,170.75,27.060221870047545,100.2638190954774,106.44524706867672,89.94047619047619
2014-12-18,2014-Q4,178.55,28.296354992076072,99.77386934673368,106.44524706867672,89.94047619047619
2014-12-19,2014-Q4,180.8,28.65293185419969,99.44723618090453,106.44524706867672,89.94047619047619
2014-12-22,2014-Q4,182.85,28.97781299524564,98.91959798994976,106.44524706867672,89.94047619047619
2014-12-23,2014-Q4,178.55,28.296354992076072,98.47989949748744,106.44524706867672,89.94047619047619
2014-12-24,2014-Q4,179.9,28.51030110935024,98.42964824120602,106.44524706867672,89.94047619047619
2014-12-25,2014-Q4,179.9,28.51030110935024,98.31658291457288,106.31131849724817,89.94047619047619
2014-12-26,2014-Q4,180.9,28.66877971473852,98.02763819095478,106.04749940177076,89.94047619047619
2014-12-29,2014-Q4,183.5,29.08082408874802,97.67587939698493,105.79452321129456,89.94047619047619
2014-12-30,2014-Q4,186.45,29.54833597464342,97.32412060301507,105.5059523809524,89.94047619047619
2014-12-31,2014-Q4,188.05,29.80190174326466,96.94723618090453,105.32700705910506,89.94047619047619
2015-01-01,2015-Q1,186.55,29.564183835182256,96.78391959798996,105.20100502512562,89.94047619047619
2015-01-02,2015-Q1,186.6,29.572107765451666,96.59547738693468,105.20100502512562,89.94047619047619
2015-01-05,2015-Q1,187.55,29.722662440570527,96.4070351758794,104.91864082316344,89.94047619047619
2015-01-06,2015-Q1,179.0,28.3676703645008,96.3819095477387,104.91864082316344,89.94047619047619
2015-01-07,2015-Q1,179.15,28.39144215530904,96.34422110552764,104.91864082316344,89.94047619047619
2015-01-08,2015-Q1,184.85,29.29477020602219,96.143216080402,104.91864082316344,89.94047619047619
2015-01-09,2015-Q1,190.5,30.19017432646593,95.87939698492464,104.91864082316344,89.94047619047619
2015-01-12,2015-Q1,190.1,30.12678288431061,95.64070351758797,104.91864082316344,89.94047619047619
2015-01-13,2015-Q1,187.25,29.675118858954043,95.26381909547736,104.91864082316344,89.94047619047619
2015-01-14,2015-Q1,185.05,29.326465927099846,94.9748743718593,104.91864082316344,89.94047619047619
2015-01-15,2015-Q1,188.5,29.873217115689386,94.81155778894473,104.91864082316344,89.94047619047619
2015-01-16,2015-Q1,189.5,30.031695721077657,94.72361809045226,104.91864082316344,89.94047619047619
2015-01-19,2015-Q1,189.6,30.047543581616484,94.72361809045226,104.46637951663078,89.94047619047619
2015-01-20,2015-Q1,193.0,30.58637083993661,94.59798994974877,104.14572864321607,89.94047619047619
2015-01-21,2015-Q1,195.0,30.90332805071316,94.33417085427136,103.89447236180904,89.94047619047619
2015-01-22,2015-Q1,194.3,30.792393026941365,94.13316582914572,103.89447236180904,89.94047619047619
2015-01-23,2015-Q1,193.8,30.71315372424723,94.04522613065326,103.89447236180904,89.94047619047619
2015-01-26,2015-Q1,193.8,30.71315372424723,93.29145728643216,103.45477386934677,89.94047619047619
2015-01-27,2015-Q1,192.55,30.51505546751189,91.80904522613064,103.24120603015076,89.94047619047619
2015-01-28,2015-Q1,189.8,30.07923930269414,90.96733668341707,103.11557788944724,89.94047619047619
2015-01-29,2015-Q1,187.9,29.77812995245642,90.30150753768844,102.87688442211056,89.94047619047619
2015-01-30,2015-Q1,189.55,30.03961965134707,60.31347307058271,102.68844221105527,89.94047619047619
2015-02-02,2015-Q1,184.35,29.21553090332805,30.847860538827263,102.5502512562814,89.94047619047619
2015-02-03,2015-Q1,178.8,28.335974643423143,30.7527733755943,102.3449090691553,89.94047619047619
2015-02-04,2015-Q1,167.95,26.61648177496038,30.71315372424723,102.04340153146686,89.94047619047619
2015-02-05,2015-Q1,161.75,25.633914421553094,30.64976228209192,101.85929648241206,89.94047619047619
2015-02-06,2015-Q1,159.0,25.198098256735346,30.55071315372425,101.78391959798996,89.94047619047619
2015-02-09,2015-Q1,162.55,25.76069730586371,30.49524564183836,101.59547738693468,89.94047619047619
2015-02-10,2015-Q1,162.65,25.77654516640254,30.423930269413635,101.25628140703516,89.94047619047619
2015-02-11,2015-Q1,169.5,26.862123613312203,30.324881141045964,100.84170854271358,89.94047619047619
2015-02-12,2015-Q1,169.85,26.9175911251981,30.233755942947703,100.5778894472362,89.94047619047619
2015-02-13,2015-Q1,174.35,27.630744849445325,30.158478605388268,100.52763819095478,89.94047619047619
2015-02-16,2015-Q1,171.8,27.22662440570524,30.10301109350237,100.52763819095478,89.94047619047619
2015-02-17,2015-Q1,171.8,27.22662440570524,30.063391442155314,100.52763819095478,89.94047619047619
2015-02-18,2015-Q1,174.55,27.662440570522985,30.043581616481777,100.2638190954774,89.94047619047619
2015-02-19,2015-Q1,179.3,28.41521394611728,30.035657686212364,99.77386934673368,89.94047619047619
2015-02-20,2015-Q1,180.25,28.56576862123613,29.968304278922343,99.44723618090453,89.94047619047619
2015-02-23,2015-Q1,176.4,27.955625990491285,29.88906497622821,98.91959798994976,89.94047619047619
2015-02-24,2015-Q1,174.7,27.68621236133122,29.837559429477025,98.47989949748744,89.94047619047619
2015-02-25,2015-Q1,174.2,27.606973058637085,29.79001584786054,98.42964824120602,89.94047619047619
2015-02-26,2015-Q1,174.35,27.630744849445325,29.75039619651348,98.31658291457288,89.94047619047619
2015-02-27,2015-Q1,180.3,28.57369255150555,29.698890649762284,98.02763819095478,89.94047619047619
2015-02-28,2015-Q1,176.85,28.02694136291601,29.631537242472263,97.67587939698493,89.94047619047619
2015-03-02,2015-Q1,179.85,28.502377179080824,29.580031695721075,97.32412060301507,89.94047619047619
2015-03-03,2015-Q1,181.25,28.724247226624406,29.56814580031696,96.94723618090453,89.94047619047619
2015-03-04,2015-Q1,180.4,28.58954041204437,29.55625990491284,96.78391959798996,89.94047619047619
2015-03-05,2015-Q1,181.0,28.68462757527734,29.43740095087164,96.59547738693468,89.94047619047619
2015-03-06,2015-Q1,181.0,28.68462757527734,29.31061806656102,96.4070351758794,89.94047619047619
2015-03-09,2015-Q1,174.9,27.71790808240888,29.25515055467512,96.3819095477387,89.94047619047619
2015-03-10,2015-Q1,176.6,27.98732171156894,29.1838351822504,96.34422110552764,89.94047619047619
2015-03-11,2015-Q1,175.55,27.820919175911257,29.11648177496038,96.143216080402,89.94047619047619
2015-03-12,2015-Q1,179.3,28.41521394611728,29.02931854199683,95.87939698492464,89.94047619047619
2015-03-13,2015-Q1,171.3,27.147385103011096,28.93819334389857,95.64070351758797,89.94047619047619
2015-03-16,2015-Q1,170.4,27.00475435816165,28.81141045958796,95.26381909547736,89.94047619047619
2015-03-17,2015-Q1,174.25,27.61489698890649,28.70443740095088,94.9748743718593,89.94047619047619
2015-03-18,2015-Q1,171.9,27.24247226624406,28.68462757527734,94.81155778894473,89.94047619047619
2015-03-19,2015-Q1,171.3,27.147385103011096,28.67670364500793,94.72361809045226,89.94047619047619
2015-03-20,2015-Q1,164.5,26.06973058637084,28.660855784469103,94.72361809045226,89.94047619047619
2015-03-23,2015-Q1,163.95,25.98256735340729,28.621236133122032,94.59798994974877,89.94047619047619
2015-03-24,2015-Q1,165.0,26.14896988906498,28.58161648177496,94.33417085427136,89.94047619047619
2015-03-25,2015-Q1,163.25,25.8716323296355,28.56973058637084,94.13316582914572,89.94047619047619
2015-03-26,2015-Q1,165.15,26.17274167987322,28.538034865293184,94.04522613065326,89.94047619047619
2015-03-27,2015-Q1,164.3,26.038034865293188,28.51030110935024,93.29145728643216,89.94047619047619
2015-03-30,2015-Q1,168.8,26.751188589540416,28.50633914421553,91.80904522613064,89.94047619047619
2015-03-31,2015-Q1,166.0,26.30744849445325,28.45879556259905,90.96733668341707,89.94047619047619
2015-04-01,2015-Q2,166.1,26.32329635499208,28.41521394611728,90.30150753768844,89.94047619047619
2015-04-02,2015-Q2,166.1,26.32329635499208,28.40332805071316,60.31347307058271,89.94047619047619
2015-04-03,2015-Q2,166.1,26.32329635499208,28.37955625990492,30.847860538827263,89.94047619047619
2015-04-06,2015-Q2,166.95,26.45800316957211,28.35182250396197,30.7527733755943,89.94047619047619
2015-04-07,2015-Q2,168.4,26.687797147385105,28.33201267828844,30.71315372424723,89.94047619047619
2015-04-08,2015-Q2,175.3,27.781299524564183,28.312202852614902,30.64976228209192,89.94047619047619
2015-04-09,2015-Q2,175.6,27.828843106180667,28.296354992076072,30.55071315372425,89.94047619047619
2015-04-10,2015-Q2,176.05,27.90015847860539,28.25277337559429,30.49524564183836,89.94047619047619
2015-04-13,2015-Q2,176.5,27.97147385103011,28.16164817749604,30.423930269413635,89.94047619047619
2015-04-14,2015-Q2,176.5,27.97147385103011,28.007131537242472,30.324881141045964,89.94047619047619
2015-04-15,2015-Q2,175.65,27.83676703645008,27.979397781299525,30.233755942947703,89.94047619047619
2015-04-16,2015-Q2,173.9,27.559429477020604,27.979397781299525,30.158478605388268,89.94047619047619
2015-04-17,2015-Q2,173.2,27.448494453248813,27.979397781299525,30.10301109350237,89.94047619047619
2015-04-20,2015-Q2,172.55,27.34548335974644,27.979397781299525,30.063391442155314,89.94047619047619
2015-04-21,2015-Q2,165.6,26.24405705229794,27.979397781299525,30.043581616481777,89.94047619047619
2015-04-22,2015-Q2,166.75,26.42630744849445,27.97147385103011,30.035657686212364,89.94047619047619
2015-04-23,2015-Q2,168.55,26.71156893819335,27.9635499207607,29.968304278922343,89.94047619047619
2015-04-24,2015-Q2,164.15,26.014263074484948,27.92789223454833,29.88906497622821,89.94047619047619
2015-04-27,2015-Q2,165.3,26.196513470681463,27.868462757527737,29.837559429477025,89.94047619047619
2015-04-28,2015-Q2,167.35,26.521394611727416,27.832805071315374,29.79001584786054,89.94047619047619
2015-04-29,2015-Q2,169.05,26.790808240887483,27.824881141045964,29.75039619651348,89.94047619047619
2015-04-30,2015-Q2,168.7,26.735340729001585,27.80110935023772,29.698890649762284,89.94047619047619
2015-05-01,2015-Q2,168.7,26.735340729001585,27.74960380348653,29.631537242472263,89.94047619047619
2015-05-04,2015-Q2,170.0,26.94136291600634,27.70206022187005,29.580031695721075,89.94047619047619
2015-05-05,2015-Q2,170.7,27.05229793977813,27.674326465927106,29.56814580031696,89.94047619047619
2015-05-06,2015-Q2,165.7,26.259904912836767,27.646592709984155,29.55625990491284,89.94047619047619
2015-05-07,2015-Q2,161.35,25.570522979397783,27.630744849445325,29.43740095087164,89.94047619047619
2015-05-08,2015-Q2,165.65,26.25198098256736,27.622820919175908,29.31061806656102,89.94047619047619
2015-05-11,2015-Q2,170.3,26.988906497622825,27.610935023771788,29.25515055467512,89.94047619047619
2015-05-12,2015-Q2,164.85,26.12519809825673,27.583201267828844,29.1838351822504,89.94047619047619
2015-05-13,2015-Q2,173.05,27.424722662440573,27.503961965134707,29.11648177496038,89.94047619047619
2015-05-14,2015-Q2,172.9,27.40095087163233,27.436608557844693,29.02931854199683,89.94047619047619
2015-05-15,2015-Q2,170.85,27.07606973058637,27.412836767036453,28.93819334389857,89.94047619047619
2015-05-18,2015-Q2,174.95,27.72583201267829,27.412836767036453,28.81141045958796,89.94047619047619
2015-05-19,2015-Q2,172.95,27.408874801901742,27.40491283676704,28.70443740095088,89.94047619047619
2015-05-20,2015-Q2,170.2,26.973058637083994,27.373217115689386,28.68462757527734,89.94047619047619
2015-05-21,2015-Q2,167.7,26.57686212361332,27.29397781299525,28.67670364500793,89.94047619047619
2015-05-22,2015-Q2,169.85,26.9175911251981,27.23454833597465,28.660855784469103,89.94047619047619
2015-05-25,2015-Q2,173.05,27.424722662440573,27.23454833597465,28.621236133122032,89.94047619047619
2015-05-26,2015-Q2,173.5,27.496038034865293,27.23454833597465,28.58161648177496,89.94047619047619
2015-05-27,2015-Q2,167.85,26.60063391442156,27.22662440570524,28.56973058637084,89.94047619047619
2015-05-28,2015-Q2,165.75,26.267828843106184,27.18700475435817,28.538034865293184,89.94047619047619
2015-05-29,2015-Q2,168.15,26.64817749603804,27.147385103011096,28.51030110935024,89.94047619047619
2015-06-01,2015-Q2,169.35,143.51694915254237,27.147385103011096,28.51030110935024,90.71428571428572
2015-06-02,2015-Q2,167.05,141.5677966101695,27.147385103011096,28.51030110935024,90.71428571428572
2015-06-03,2015-Q2,161.55,136.90677966101697,27.147385103011096,28.51030110935024,90.87939698492464
2015-06-04,2015-Q2,163.5,138.55932203389833,27.147385103011096,28.51030110935024,91.05527638190954
2015-06-05,2015-Q2,163.65,138.68644067796612,27.147385103011096,28.51030110935024,91.10119047619048
2015-06-08,2015-Q2,164.55,139.4491525423729,27.147385103011096,28.51030110935024,91.875
2015-06-09,2015-Q2,161.25,136.65254237288136,27.18700475435817,28.51030110935024,91.9345238095238
2015-06-10,2015-Q2,164.65,139.53389830508476,27.22662440570524,28.51030110935024,92.20238095238096
2015-06-11,2015-Q2,159.15,134.8728813559322,27.23454833597465,28.51030110935024,92.38095238095238
2015-06-12,2015-Q2,160.2,135.76271186440678,27.29397781299525,28.51030110935024,92.56281407035176
2015-06-15,2015-Q2,158.75,134.53389830508476,27.373217115689386,28.51030110935024,93.48214285714286
2015-06-16,2015-Q2,161.45,136.82203389830508,27.40491283676704,28.51030110935024,93.66071428571428
2015-06-17,2015-Q2,161.0,136.4406779661017,27.41679873217116,28.51030110935024,93.6904761904762
2015-06-18,2015-Q2,162.45,137.66949152542372,27.41679873217116,28.51030110935024,94.02010050251256
2015-06-19,2015-Q2,163.95,138.9406779661017,27.424722662440573,28.51030110935024,94.07035175879396
2015-06-22,2015-Q2,164.55,139.4491525423729,27.436608557844693,28.51030110935024,94.19597989949747
2015-06-23,2015-Q2,168.1,142.45762711864407,27.436608557844693,28.51030110935024,94.47236180904522
2015-06-24,2015-Q2,162.3,137.54237288135596,27.436608557844693,28.51030110935024,94.64285714285715
2015-06-25,2015-Q2,166.4,141.0169491525424,27.436608557844693,28.51030110935024,94.72361809045226
2015-06-26,2015-Q2,165.35,140.1271186440678,27.436608557844693,28.51030110935024,94.72361809045226
2015-06-29,2015-Q2,162.05,137.33050847457628,27.436608557844693,28.51030110935024,94.72361809045226
2015-06-30,2015-Q2,162.5,137.71186440677968,27.436608557844693,28.51030110935024,94.8994974874372
2015-07-01,2015-Q3,162.8,137.96610169491527,27.436608557844693,28.51030110935024,95.0502512562814
2015-07-02,2015-Q3,168.1,142.45762711864407,27.436608557844693,28.51030110935024,95.14880952380952
2015-07-03,2015-Q3,165.55,140.29661016949154,27.436608557844693,28.51030110935024,95.32738095238096
2015-07-06,2015-Q3,173.6,147.11864406779662,27.436608557844693,28.51030110935024,95.47619047619048
2015-07-07,2015-Q3,176.4,149.49152542372883,27.436608557844693,28.51030110935024,95.47738693467336
2015-07-08,2015-Q3,178.25,151.05932203389833,27.436608557844693,28.51030110935024,95.80402010050253
2015-07-09,2015-Q3,180.95,153.34745762711864,27.436608557844693,28.51030110935024,95.95477386934672
2015-07-10,2015-Q3,186.55,158.09322033898306,27.436608557844693,28.51030110935024,96.33165829145727
2015-07-13,2015-Q3,190.45,161.39830508474577,27.436608557844693,28.51030110935024,96.356783919598
2015-07-14,2015-Q3,190.5,161.4406779661017,27.436608557844693,28.51030110935024,96.4070351758794
2015-07-15,2015-Q3,189.2,160.33898305084745,27.436608557844693,28.51030110935024,96.4070351758794
2015-07-16,2015-Q3,192.9,163.47457627118646,27.436608557844693,28.51030110935024,96.63690476190476
2015-07-17,2015-Q3,198.05,167.83898305084747,27.472266244057053,28.51030110935024,96.78391959798996
2015-07-20,2015-Q3,196.6,166.61016949152545,27.527733755942947,28.51030110935024,96.78391959798996
2015-07-21,2015-Q3,194.05,164.4491525423729,27.527733755942947,28.51030110935024,97.1105527638191
2015-07-22,2015-Q3,195.95,166.0593220338983,27.64263074484945,28.51030110935024,97.53768844221104
2015-07-23,2015-Q3,191.9,162.62711864406782,27.75356576862124,28.51030110935024,97.8140703517588
2015-07-24,2015-Q3,182.35,154.53389830508476,27.805071315372423,28.51030110935024,97.97619047619048
2015-07-27,2015-Q3,179.6,152.20338983050848,27.832805071315374,28.51030110935024,97.97619047619048
2015-07-28,2015-Q3,178.6,151.35593220338984,27.868462757527737,28.51030110935024,98.125
2015-07-29,2015-Q3,178.35,151.14406779661016,27.93581616481775,28.51030110935024,98.24120603015076
2015-07-30,2015-Q3,183.45,155.46610169491527,27.97147385103011,28.51030110935024,98.30357142857144
2015-07-31,2015-Q3,183.7,155.67796610169492,81.25268607805744,28.51030110935024,98.39195979899498
2015-08-03,2015-Q3,184.8,156.61016949152545,134.70338983050848,28.51030110935024,98.46733668341707
2015-08-04,2015-Q3,185.25,156.99152542372883,135.3177966101695,28.51030110935024,98.4924623115578
2015-08-05,2015-Q3,190.6,161.52542372881356,136.10169491525426,28.51030110935024,99.01785714285714
2015-08-06,2015-Q3,185.95,157.58474576271186,136.54661016949154,28.51030110935024,99.3467336683417
2015-08-07,2015-Q3,193.05,163.60169491525426,136.73728813559322,28.51030110935024,99.54773869346734
2015-08-10,2015-Q3,191.15,161.99152542372883,136.864406779661,28.51030110935024,100.0
2015-08-11,2015-Q3,191.45,162.24576271186442,137.11864406779662,28.51030110935024,100.20833333333331
2015-08-12,2015-Q3,182.8,154.91525423728817,137.43644067796612,28.51030110935024,100.52763819095478
2015-08-13,2015-Q3,183.35,155.3813559322034,137.60593220338984,28.51030110935024,100.52763819095478
2015-08-14,2015-Q3,186.9,158.3898305084746,137.6906779661017,28.51030110935024,100.52763819095478
2015-08-17,2015-Q3,188.95,160.1271186440678,137.83898305084747,28.538034865293184,100.52763819095478
2015-08-18,2015-Q3,187.3,158.72881355932205,138.2627118644068,28.538034865293184,100.6281407035176
2015-08-19,2015-Q3,186.65,158.17796610169492,138.62288135593224,28.56973058637084,100.80357142857144
2015-08-20,2015-Q3,179.55,152.16101694915255,138.8135593220339,28.58161648177496,101.05527638190956
2015-08-21,2015-Q3,179.45,152.07627118644066,139.1949152542373,28.621236133122032,101.25
2015-08-24,2015-Q3,160.0,135.59322033898306,139.1949152542373,28.660855784469103,101.4572864321608
2015-08-25,2015-Q3,164.9,139.74576271186442,139.4491525423729,28.67670364500793,101.73366834170854
2015-08-26,2015-Q3,173.2,146.77966101694915,139.49152542372883,28.68462757527734,101.83417085427136
2015-08-27,2015-Q3,181.55,153.85593220338984,139.63983050847455,28.70443740095088,101.8452380952381
2015-08-28,2015-Q3,177.25,150.21186440677968,139.93644067796612,28.70443740095088,101.88442211055276
2015-08-31,2015-Q3,170.95,144.8728813559322,140.21186440677968,28.90253565768621,102.20238095238096
2015-09-01,2015-Q3,165.95,103.07453416149067,140.21186440677968,29.14817749603804,102.48743718592964
2015-09-02,2015-Q3,163.3,101.42857142857144,140.21186440677968,29.25515055467512,102.20238095238096
2015-09-03,2015-Q3,166.2,103.22981366459626,140.21186440677968,29.31061806656102,102.20238095238096
2015-09-04,2015-Q3,161.4,100.24844720496894,140.21186440677968,29.43740095087164,101.88442211055276
2015-09-07,2015-Q3,155.55,96.61490683229812,140.21186440677968,29.44532488114105,101.8452380952381
2015-09-08,2015-Q3,166.2,103.22981366459626,140.21186440677968,29.44532488114105,101.8452380952381
2015-09-09,2015-Q3,165.85,103.01242236024844,140.21186440677968,29.44928684627576,101.8452380952381
2015-09-10,2015-Q3,170.15,105.6832298136646,140.21186440677968,29.500792393026945,101.8452380952381
2015-09-11,2015-Q3,166.35,103.32298136645962,140.21186440677968,29.500792393026945,101.8452380952381
2015-09-14,2015-Q3,170.8,106.08695652173913,140.21186440677968,29.72662440570523,101.8452380952381
2015-09-15,2015-Q3,173.3,107.63975155279503,140.21186440677968,29.825673534072905,101.8452380952381
2015-09-16,2015-Q3,177.7,110.3726708074534,140.21186440677968,29.95245641838352,101.8452380952381
2015-09-17,2015-Q3,177.7,110.3726708074534,140.21186440677968,29.95245641838352,101.8452380952381
2015-09-18,2015-Q3,181.6,112.7950310559006,140.21186440677968,29.95245641838352,101.8452380952381
2015-09-21,2015-Q3,177.85,110.46583850931675,140.21186440677968,30.035657686212364,101.8452380952381
2015-09-22,2015-Q3,174.95,108.6645962732919,140.21186440677968,30.043581616481777,101.88442211055276
2015-09-23,2015-Q3,171.85,106.7391304347826,140.21186440677968,30.063391442155314,102.20238095238096
2015-09-24,2015-Q3,174.85,108.60248447204968,140.21186440677968,30.297147385103017,102.48743718592964
2015-09-25,2015-Q3,174.85,108.60248447204968,140.21186440677968,30.55071315372425,102.61306532663316
2015-09-28,2015-Q3,171.15,106.30434782608695,140.21186440677968,30.61410459587956,102.7638190954774
2015-09-29,2015-Q3,170.4,105.8385093167702,140.21186440677968,30.61410459587956,102.98994974874373
2015-09-30,2015-Q3,170.75,106.055900621118,140.21186440677968,30.61410459587956,103.01242236024844
2015-10-01,2015-Q4,169.2,105.09316770186334,140.21186440677968,30.61410459587956,103.01242236024844
2015-10-02,2015-Q4,169.2,105.09316770186334,140.21186440677968,63.564981149905,103.01242236024844
2015-10-05,2015-Q4,174.25,108.22981366459626,139.93644067796612,98.43167701863354,103.01242236024844
2015-10-06,2015-Q4,175.0,108.69565217391305,139.63983050847455,100.8385093167702,103.01242236024844
2015-10-07,2015-Q4,178.75,111.02484472049689,139.63983050847455,102.22049689440992,103.01242236024844
2015-10-08,2015-Q4,179.8,111.67701863354036,139.63983050847455,103.04347826086956,103.07453416149067
2015-10-09,2015-Q4,178.4,110.80745341614906,139.63983050847455,103.15217391304348,103.07453416149067
2015-10-12,2015-Q4,179.9,111.7391304347826,139.63983050847455,103.22981366459626,103.07453416149067
2015-10-13,2015-Q4,178.95,111.14906832298136,139.63983050847455,103.27639751552796,103.07453416149067
2015-10-14,2015-Q4,178.05,110.59006211180125,139.59745762711867,104.20807453416148,103.07453416149067
2015-10-15,2015-Q4,181.0,112.4223602484472,139.59745762711867,105.09316770186334,103.07453416149067
2015-10-16,2015-Q4,189.6,117.7639751552795,139.59745762711867,105.38819875776396,103.07453416149067
2015-10-19,2015-Q4,186.6,115.9006211180124,139.59745762711867,105.7608695652174,103.07453416149067
2015-10-20,2015-Q4,185.6,115.27950310559004,139.59745762711867,105.9472049689441,103.07453416149067
2015-10-21,2015-Q4,182.55,113.38509316770188,139.59745762711867,106.07142857142856,103.07453416149067
2015-10-22,2015-Q4,182.55,113.38509316770188,139.59745762711867,106.19565217391305,103.07453416149067
2015-10-23,2015-Q4,182.8,113.54037267080746,139.59745762711867,106.52173913043478,103.07453416149067
2015-10-26,2015-Q4,183.3,113.85093167701864,138.85593220338984,107.18944099378882,103.07453416149067
2015-10-27,2015-Q4,181.8,112.9192546583851,137.83898305084747,107.93478260869566,103.07453416149067
2015-10-28,2015-Q4,185.0,114.90683229813664,137.83898305084747,108.41614906832297,103.07453416149067
2015-10-29,2015-Q4,179.5,111.49068322981364,137.52118644067798,108.60248447204968,103.07453416149067
2015-10-30,2015-Q4,174.0,108.07453416149067,136.46186440677968,108.60248447204968,103.07453416149067
2015-11-02,2015-Q4,170.05,105.62111801242236,126.67859774713128,108.60248447204968,103.07453416149067
2015-11-03,2015-Q4,171.45,106.49068322981364,116.83229813664596,108.60248447204968,103.07453416149067
2015-11-04,2015-Q4,173.05,107.48447204968944,115.59006211180122,108.60248447204968,103.07453416149067
2015-11-05,2015-Q4,168.6,104.72049689440992,115.09316770186334,108.60248447204968,103.07453416149067
2015-11-06,2015-Q4,168.9,104.90683229813664,114.37888198757764,108.60248447204968,103.07453416149067
2015-11-09,2015-Q4,168.95,104.93788819875776,113.69565217391305,108.60248447204968,103.07453416149067
2015-11-10,2015-Q4,167.15,103.81987577639752,113.46273291925468,108.60248447204968,103.07453416149067
2015-11-11,2015-Q4,169.2,105.09316770186334,113.38509316770188,108.60248447204968,103.07453416149067
2015-11-12,2015-Q4,169.2,105.09316770186334,113.1521739130435,108.60248447204968,103.07453416149067
2015-11-13,2015-Q4,169.0,104.96894409937887,112.85714285714285,108.60248447204968,103.07453416149067
2015-11-16,2015-Q4,172.15,106.92546583850933,112.6086956521739,108.60248447204968,103.07453416149067
2015-11-17,2015-Q4,173.45,107.73291925465836,112.0807453416149,108.60248447204968,103.07453416149067
2015-11-18,2015-Q4,173.65,107.85714285714286,111.70807453416148,108.60248447204968,103.07453416149067
2015-11-19,2015-Q4,173.95,108.04347826086956,111.583850931677,108.60248447204968,103.07453416149067
2015-11-20,2015-Q4,184.4,114.53416149068325,111.583850931677,108.6335403726708,103.07453416149067
2015-11-23,2015-Q4,191.65,119.03726708074534,111.583850931677,108.68012422360248,103.07453416149067
2015-11-24,2015-Q4,196.7,122.17391304347824,111.583850931677,109.53416149068325,103.07453416149067
2015-11-25,2015-Q4,196.7,122.17391304347824,111.583850931677,110.3726708074534,103.07453416149067
2015-11-26,2015-Q4,193.55,120.21739130434784,111.583850931677,110.41925465838509,103.07453416149067
2015-11-27,2015-Q4,198.35,123.19875776397514,111.583850931677,110.527950310559,103.07453416149067
2015-11-30,2015-Q4,192.85,119.78260869565216,111.583850931677,110.69875776397517,103.07453416149067
2015-12-01,2015-Q4,194.65,,,,
2015-12-02,2015-Q4,197.3,,,,
2015-12-03,2015-Q4,193.75,,,,
2015-12-04,2015-Q4,193.3,,,,
2015-12-07,2015-Q4,192.4,,,,
2015-12-08,2015-Q4,188.15,,,,
2015-12-09,2015-Q4,186.25,,,,
2015-12-10,2015-Q4,189.15,,,,
2015-12-11,2015-Q4,185.75,,,,
2015-12-14,2015-Q4,189.8,,,,
2015-12-15,2015-Q4,186.65,,,,
2015-12-16,2015-Q4,186.35,,,,
2015-12-17,2015-Q4,190.4,,,,
2015-12-18,2015-Q4,188.3,,,,
2015-12-21,2015-Q4,187.55,,,,
2015-12-22,2015-Q4,186.4,,,,
2015-12-23,2015-Q4,189.3,,,,
2015-12-24,2015-Q4,192.6,,,,
2015-12-25,2015-Q4,192.6,,,,
2015-12-28,2015-Q4,192.85,,,,
2015-12-29,2015-Q4,193.2,,,,
2015-12-30,2015-Q4,191.05,,,,
2015-12-31,2015-Q4,192.25,,,,
2016-01-01,2016-Q1,194.1,,,,
2016-01-04,2016-Q1,189.95,,,,
2016-01-05,2016-Q1,198.8,,,,
2016-01-06,2016-Q1,192.8,,,,
2016-01-07,2016-Q1,184.85,,,,
2016-01-08,2016-Q1,192.95,,,,
2016-01-11,2016-Q1,191.95,,,,
2016-01-12,2016-Q1,186.8,,,,
2016-01-13,2016-Q1,186.4,,,,
2016-01-14,2016-Q1,180.4,,,,
2016-01-15,2016-Q1,176.4,,,,
2016-01-18,2016-Q1,174.8,,,,
2016-01-19,2016-Q1,175.2,,,,
2016-01-20,2016-Q1,169.45,,,,
2016-01-21,2016-Q1,167.85,,,,
2016-01-22,2016-Q1,171.45,,,,
2016-01-25,2016-Q1,172.55,,,,
2016-01-26,2016-Q1,172.55,,,,
2016-01-27,2016-Q1,172.95,,,,
2016-01-28,2016-Q1,167.9,,,,
2016-01-29,2016-Q1,171.45,,,,
2016-02-01,2016-Q1,172.6,,,,
2016-02-02,2016-Q1,167.25,,,,
2016-02-03,2016-Q1,130.9,,,,
2016-02-04,2016-Q1,134.55,,,,
2016-02-05,2016-Q1,126.9,,,,
2016-02-08,2016-Q1,127.65,,,,
2016-02-09,2016-Q1,128.7,,,,
2016-02-10,2016-Q1,127.85,,,,
2016-02-11,2016-Q1,122.7,,,,
2016-02-12,2016-Q1,119.9,,,,
2016-02-15,2016-Q1,126.0,,,,
2016-02-16,2016-Q1,123.45,,,,
2016-02-17,2016-Q1,121.05,,,,
2016-02-18,2016-Q1,129.4,,,,
2016-02-19,2016-Q1,129.65,,,,
2016-02-22,2016-Q1,138.25,,,,
2016-02-23,2016-Q1,138.1,,,,
2016-02-24,2016-Q1,134.5,,,,
2016-02-25,2016-Q1,124.3,,,,
2016-02-26,2016-Q1,127.95,,,,
2016-02-29,2016-Q1,129.9,,,,
2016-03-01,2016-Q1,134.5,,,,
2016-03-02,2016-Q1,137.0,,,,
2016-03-03,2016-Q1,137.0,,,,
2016-03-04,2016-Q1,141.25,,,,
2016-03-07,2016-Q1,141.25,,,,
2016-03-08,2016-Q1,139.45,,,,
2016-03-09,2016-Q1,151.85,,,,
2016-03-10,2016-Q1,150.55,,,,
2016-03-11,2016-Q1,146.4,,,,
2016-03-14,2016-Q1,155.3,,,,
2016-03-15,2016-Q1,44.0,,,,
2016-03-16,2016-Q1,46.85,,,,
2016-03-17,2016-Q1,46.8,,,,
2016-03-18,2016-Q1,47.7,,,,
2016-03-21,2016-Q1,47.5,,,,
2016-03-22,2016-Q1,47.0,,,,
2016-03-23,2016-Q1,48.0,,,,
2016-03-24,2016-Q1,48.0,,,,
2016-03-25,2016-Q1,48.0,,,,
2016-03-28,2016-Q1,47.25,,,,
2016-03-29,2016-Q1,47.85,,,,
2016-03-30,2016-Q1,48.7,,,,
2016-03-31,2016-Q1,48.85,,,,
2016-04-01,2016-Q2,48.6,,,,
2016-04-04,2016-Q2,49.85,,,,
2016-04-05,2016-Q2,49.1,,,,
2016-04-06,2016-Q2,49.9,,,,
2016-04-07,2016-Q2,51.05,,,,
2016-04-08,2016-Q2,50.7,,,,
2016-04-11,2016-Q2,52.3,,,,
2016-04-12,2016-Q2,53.1,,,,
2016-04-13,2016-Q2,53.95,,,,
2016-04-14,2016-Q2,53.95,,,,
2016-04-15,2016-Q2,53.95,,,,
2016-04-18,2016-Q2,55.2,,,,
2016-04-19,2016-Q2,55.2,,,,
2016-04-20,2016-Q2,58.65,,,,
2016-04-21,2016-Q2,59.95,,,,
2016-04-22,2016-Q2,57.95,,,,
2016-04-25,2016-Q2,59.4,,,,
2016-04-26,2016-Q2,59.9,,,,
2016-04-27,2016-Q2,59.2,,,,
2016-04-28,2016-Q2,57.95,,,,
2016-04-29,2016-Q2,57.65,,,,
2016-05-02,2016-Q2,57.05,,,,
2016-05-03,2016-Q2,56.7,,,,
2016-05-04,2016-Q2,56.95,,,,
2016-05-05,2016-Q2,59.2,,,,
2016-05-06,2016-Q2,58.6,,,,
2016-05-09,2016-Q2,59.85,,,,
2016-05-10,2016-Q2,60.75,,,,
2016-05-11,2016-Q2,61.35,,,,
2016-05-12,2016-Q2,63.6,,,,
2016-05-13,2016-Q2,62.0,,,,
2016-05-16,2016-Q2,61.45,,,,
2016-05-17,2016-Q2,61.25,,,,
2016-05-18,2016-Q2,60.55,,,,
2016-05-19,2016-Q2,60.8,,,,
2016-05-20,2016-Q2,61.3,,,,
2016-05-23,2016-Q2,62.25,,,,
2016-05-24,2016-Q2,62.35,,,,
2016-05-25,2016-Q2,60.85,,,,
2016-05-26,2016-Q2,60.35,,,,
2016-05-27,2016-Q2,60.15,,,,
2016-05-30,2016-Q2,68.0,,,,
2016-05-31,2016-Q2,66.05,,,,
2016-06-01,2016-Q2,68.25,111.88524590163937,,,
2016-06-02,2016-Q2,74.1,121.47540983606557,,,
2016-06-03,2016-Q2,71.65,117.45901639344264,,,
2016-06-06,2016-Q2,70.6,115.73770491803278,,,
2016-06-07,2016-Q2,71.25,116.8032786885246,,,
2016-06-08,2016-Q2,72.05,118.11475409836063,,,
2016-06-09,2016-Q2,71.3,116.88524590163934,,,
2016-06-10,2016-Q2,71.0,116.39344262295084,,,
2016-06-13,2016-Q2,69.45,113.85245901639344,,,
2016-06-14,2016-Q2,72.55,118.9344262295082,,,
2016-06-15,2016-Q2,74.55,122.21311475409836,,,
2016-06-16,2016-Q2,74.4,121.96721311475412,,,
2016-06-17,2016-Q2,74.95,122.8688524590164,,,
2016-06-20,2016-Q2,73.75,120.90163934426228,,,
2016-06-21,2016-Q2,72.3,118.52459016393442,,,
2016-06-22,2016-Q2,72.15,118.27868852459018,,,
2016-06-23,2016-Q2,72.7,119.18032786885249,,,
2016-06-24,2016-Q2,71.15,116.6393442622951,,,
2016-06-27,2016-Q2,71.75,117.62295081967213,,,
2016-06-28,2016-Q2,71.3,116.88524590163934,,,
2016-06-29,2016-Q2,71.95,117.95081967213116,,,
2016-06-30,2016-Q2,73.75,120.90163934426228,,,
2016-07-01,2016-Q3,73.8,120.98360655737704,,,
2016-07-04,2016-Q3,73.8,120.98360655737704,,,
2016-07-05,2016-Q3,73.95,121.22950819672133,,,
2016-07-06,2016-Q3,73.95,121.22950819672133,,,
2016-07-07,2016-Q3,73.3,120.1639344262295,,,
2016-07-08,2016-Q3,71.0,116.39344262295084,,,
2016-07-11,2016-Q3,73.15,119.91803278688526,,,
2016-07-12,2016-Q3,73.1,119.83606557377048,,,
2016-07-13,2016-Q3,70.8,116.0655737704918,,,
2016-07-14,2016-Q3,70.85,116.14754098360656,,,
2016-07-15,2016-Q3,70.2,115.08196721311477,,,
2016-07-18,2016-Q3,71.05,116.47540983606557,,,
2016-07-19,2016-Q3,71.2,116.72131147540983,,,
2016-07-20,2016-Q3,73.55,120.57377049180327,,,
2016-07-21,2016-Q3,72.4,118.68852459016396,,,
2016-07-22,2016-Q3,73.4,120.32786885245903,,,
2016-07-25,2016-Q3,73.85,121.0655737704918,,,
2016-07-26,2016-Q3,72.8,119.34426229508196,,,
2016-07-27,2016-Q3,76.75,125.81967213114754,,,
2016-07-28,2016-Q3,78.1,128.03278688524588,,,
2016-07-29,2016-Q3,78.5,128.68852459016395,,,
2016-08-01,2016-Q3,78.5,128.68852459016395,,,
2016-08-02,2016-Q3,77.1,126.3934426229508,,,
2016-08-03,2016-Q3,75.0,122.95081967213116,,,
2016-08-04,2016-Q3,78.95,129.42622950819674,,,
2016-08-05,2016-Q3,80.6,132.1311475409836,,,
2016-08-08,2016-Q3,84.35,138.27868852459017,,,
2016-08-09,2016-Q3,83.35,136.63934426229508,,,
2016-08-10,2016-Q3,82.05,134.50819672131146,,,
2016-08-11,2016-Q3,82.6,135.40983606557376,,,
2016-08-12,2016-Q3,83.45,136.8032786885246,,,
2016-08-15,2016-Q3,83.45,136.8032786885246,,,
2016-08-16,2016-Q3,85.95,140.9016393442623,,,
2016-08-17,2016-Q3,86.45,141.72131147540983,,,
2016-08-18,2016-Q3,87.35,143.1967213114754,,,
2016-08-19,2016-Q3,87.15,142.8688524590164,,,
2016-08-22,2016-Q3,87.4,143.27868852459017,,,
2016-08-23,2016-Q3,86.4,141.63934426229508,,,
2016-08-24,2016-Q3,86.4,141.63934426229508,,,
2016-08-25,2016-Q3,84.15,137.95081967213116,,,
2016-08-26,2016-Q3,82.85,135.81967213114754,,,
2016-08-29,2016-Q3,80.4,131.8032786885246,,,
2016-08-30,2016-Q3,81.85,134.18032786885246,,,
2016-08-31,2016-Q3,83.3,136.55737704918033,,,
2016-09-01,2016-Q3,81.1,60.07407407407407,,,
2016-09-02,2016-Q3,81.65,60.48148148148148,,,
2016-09-05,2016-Q3,81.65,60.48148148148148,,,
2016-09-06,2016-Q3,82.45,61.07407407407407,,,
2016-09-07,2016-Q3,83.6,61.92592592592592,,,
2016-09-08,2016-Q3,82.7,61.25925925925926,,,
2016-09-09,2016-Q3,81.9,60.66666666666666,,,
2016-09-12,2016-Q3,79.8,59.11111111111111,,,
2016-09-13,2016-Q3,79.8,59.11111111111111,,,
2016-09-14,2016-Q3,79.5,58.888888888888886,,,
2016-09-15,2016-Q3,80.0,59.25925925925925,,,
2016-09-16,2016-Q3,81.0,59.99999999999999,,,
2016-09-19,2016-Q3,82.15,60.851851851851855,,,
2016-09-20,2016-Q3,81.55,60.407407407407405,,,
2016-09-21,2016-Q3,81.05,60.03703703703703,,,
2016-09-22,2016-Q3,81.55,60.407407407407405,,,
2016-09-23,2016-Q3,80.4,59.55555555555556,,,
2016-09-26,2016-Q3,80.0,59.25925925925925,,,
2016-09-27,2016-Q3,79.0,58.51851851851851,,,
2016-09-28,2016-Q3,79.75,59.07407407407407,,,
2016-09-29,2016-Q3,74.55,55.22222222222221,,,
2016-09-30,2016-Q3,75.05,55.59259259259259,,,
2016-10-03,2016-Q4,78.75,58.33333333333333,,,
2016-10-04,2016-Q4,78.05,57.81481481481481,118.81147540983608,,
2016-10-05,2016-Q4,78.8,58.37037037037037,118.81147540983608,,
2016-10-06,2016-Q4,76.95,57.0,118.6065573770492,,
2016-10-07,2016-Q4,76.85,56.92592592592592,118.6065573770492,,
2016-10-10,2016-Q4,76.45,56.629629629629626,118.6065573770492,,
2016-10-11,2016-Q4,76.45,56.629629629629626,118.6065573770492,,
2016-10-12,2016-Q4,76.45,56.629629629629626,118.6065573770492,,
2016-10-13,2016-Q4,75.2,55.7037037037037,118.6065573770492,,
2016-10-14,2016-Q4,75.3,55.77777777777777,118.6065573770492,,
2016-10-17,2016-Q4,74.35,55.07407407407407,118.6065573770492,,
2016-10-18,2016-Q4,75.9,56.22222222222222,118.40163934426228,,
2016-10-19,2016-Q4,76.0,56.29629629629629,118.11475409836066,,
2016-10-20,2016-Q4,75.9,56.22222222222222,117.78688524590164,,
2016-10-21,2016-Q4,76.4,56.5925925925926,117.25409836065572,,
2016-10-24,2016-Q4,76.75,56.85185185185185,116.8032786885246,,
2016-10-25,2016-Q4,76.25,56.48148148148148,116.68032786885246,,
2016-10-26,2016-Q4,74.8,55.407407407407405,116.55737704918032,,
2016-10-27,2016-Q4,73.85,54.703703703703695,116.4344262295082,,
2016-10-28,2016-Q4,76.7,56.81481481481482,116.2704918032787,,
2016-10-30,2016-Q4,76.65,56.77777777777778,116.10655737704916,,
2016-10-31,2016-Q4,76.65,56.77777777777778,115.57377049180327,,
2016-11-01,2016-Q4,77.5,57.407407407407405,88.50394656952034,,
2016-11-02,2016-Q4,77.2,57.18518518518518,61.59259259259259,,
2016-11-03,2016-Q4,77.0,57.03703703703703,61.16666666666666,,
2016-11-04,2016-Q4,77.0,57.03703703703703,60.96296296296296,,
2016-11-07,2016-Q4,85.9,63.629629629629626,60.96296296296296,,
2016-11-08,2016-Q4,82.95,61.44444444444444,60.96296296296296,,
2016-11-09,2016-Q4,82.25,60.92592592592592,60.888888888888886,,
2016-11-10,2016-Q4,81.9,60.66666666666666,60.75925925925925,,
2016-11-11,2016-Q4,78.65,58.25925925925926,60.66666666666666,,
2016-11-14,2016-Q4,78.65,58.25925925925926,60.57407407407407,,
2016-11-15,2016-Q4,75.35,55.81481481481481,60.48148148148148,,
2016-11-16,2016-Q4,73.8,54.66666666666666,60.44444444444444,,
2016-11-17,2016-Q4,72.5,53.7037037037037,60.407407407407405,,
2016-11-18,2016-Q4,72.75,53.888888888888886,60.24074074074073,,
2016-11-21,2016-Q4,69.25,51.29629629629629,60.05555555555555,,
2016-11-22,2016-Q4,72.1,53.4074074074074,60.01851851851851,,
2016-11-23,2016-Q4,73.05,54.11111111111111,59.77777777777777,,
2016-11-24,2016-Q4,74.8,55.407407407407405,59.407407407407405,,
2016-11-25,2016-Q4,73.65,54.55555555555556,59.25925925925925,,
2016-11-28,2016-Q4,73.2,54.22222222222222,59.185185185185176,,
2016-11-29,2016-Q4,73.8,54.66666666666666,59.11111111111111,,
2016-11-30,2016-Q4,77.3,57.25925925925925,59.09259259259259,,
2016-12-01,2016-Q4,76.4,293.84615384615387,59.09259259259259,,
2016-12-02,2016-Q4,76.3,293.46153846153845,59.09259259259259,,
2016-12-05,2016-Q4,68.35,262.88461538461536,59.09259259259259,,
2016-12-06,2016-Q4,66.2,254.6153846153846,59.09259259259259,,
2016-12-07,2016-Q4,65.65,252.5,59.09259259259259,,
2016-12-08,2016-Q4,61.9,238.07692307692307,59.09259259259259,,
2016-12-09,2016-Q4,63.1,242.69230769230768,59.09259259259259,,
2016-12-12,2016-Q4,60.8,233.84615384615384,59.09259259259259,,
2016-12-13,2016-Q4,60.1,231.15384615384616,59.09259259259259,,
2016-12-14,2016-Q4,59.25,227.8846153846154,59.09259259259259,,
2016-12-15,2016-Q4,59.35,228.2692307692308,59.09259259259259,,
2016-12-16,2016-Q4,59.35,228.2692307692308,59.09259259259259,,
2016-12-19,2016-Q4,59.0,226.9230769230769,59.09259259259259,,
2016-12-20,2016-Q4,58.2,223.84615384615384,59.09259259259259,,
2016-12-21,2016-Q4,57.75,222.1153846153846,59.09259259259259,,
2016-12-22,2016-Q4,57.25,220.19230769230768,59.09259259259259,,
2016-12-23,2016-Q4,57.65,221.73076923076923,59.09259259259259,,
2016-12-26,2016-Q4,55.9,215.0,59.09259259259259,,
2016-12-27,2016-Q4,57.0,219.23076923076923,59.09259259259259,,
2016-12-28,2016-Q4,58.7,225.7692307692308,59.09259259259259,,
2016-12-29,2016-Q4,58.35,224.42307692307693,59.09259259259259,,
2016-12-30,2016-Q4,59.3,228.07692307692307,59.09259259259259,,
2017-01-02,2017-Q1,59.95,230.57692307692307,59.09259259259259,,
2017-01-03,2017-Q1,60.75,233.65384615384613,59.09259259259259,,
2017-01-04,2017-Q1,61.2,235.3846153846154,59.09259259259259,,
2017-01-05,2017-Q1,61.95,238.2692307692308,59.09259259259259,,
2017-01-06,2017-Q1,61.75,237.5,59.09259259259259,,
2017-01-09,2017-Q1,61.3,235.7692307692308,59.09259259259259,,
2017-01-10,2017-Q1,61.75,237.5,59.09259259259259,,
2017-01-11,2017-Q1,62.15,239.03846153846152,59.09259259259259,,
2017-01-12,2017-Q1,64.35,247.5,59.09259259259259,,
2017-01-13,2017-Q1,64.35,247.5,59.09259259259259,,
2017-01-16,2017-Q1,64.8,249.2307692307692,59.16666666666666,,
2017-01-17,2017-Q1,65.05,250.19230769230768,59.25925925925925,,
2017-01-18,2017-Q1,65.0,250.0,59.407407407407405,,
2017-01-19,2017-Q1,64.7,248.84615384615384,59.407407407407405,,
2017-01-20,2017-Q1,63.1,242.69230769230768,59.407407407407405,,
2017-01-23,2017-Q1,63.95,245.96153846153845,59.407407407407405,,
2017-01-24,2017-Q1,63.95,245.96153846153845,59.407407407407405,,
2017-01-25,2017-Q1,64.65,248.65384615384616,59.407407407407405,,
2017-01-26,2017-Q1,64.65,248.65384615384616,59.96296296296296,,
2017-01-27,2017-Q1,67.15,258.2692307692308,60.79629629629629,,
2017-01-30,2017-Q1,65.85,253.2692307692308,61.185185185185176,,
2017-01-31,2017-Q1,64.3,247.3076923076923,62.53703703703704,,
2017-02-01,2017-Q1,66.25,254.8076923076923,139.3148148148148,,
2017-02-02,2017-Q1,66.55,255.96153846153845,217.1153846153846,,
2017-02-03,2017-Q1,67.95,261.34615384615387,219.71153846153845,,
2017-02-06,2017-Q1,69.7,268.0769230769231,220.96153846153845,119.59016393442622,
2017-02-07,2017-Q1,71.7,275.7692307692308,221.9230769230769,119.87704918032787,
2017-02-08,2017-Q1,71.75,275.96153846153845,222.98076923076923,119.87704918032787,
2017-02-09,2017-Q1,72.35,278.2692307692307,224.1346153846154,120.04098360655738,
2017-02-10,2017-Q1,71.2,273.84615384615387,225.09615384615387,120.24590163934428,
2017-02-13,2017-Q1,66.8,256.9230769230769,226.34615384615387,120.45081967213116,
2017-02-14,2017-Q1,66.25,254.8076923076923,227.40384615384613,120.73770491803278,
2017-02-15,2017-Q1,64.9,249.61538461538464,227.98076923076923,120.90163934426228,
2017-02-16,2017-Q1,66.25,254.8076923076923,228.17307692307693,120.94262295081968,
2017-02-17,2017-Q1,65.5,251.9230769230769,228.2692307692308,120.98360655737704,
2017-02-20,2017-Q1,67.8,260.7692307692308,229.42307692307693,121.02459016393442,
2017-02-21,2017-Q1,67.7,260.38461538461536,230.8653846153846,121.02459016393442,
2017-02-22,2017-Q1,66.75,256.7307692307692,232.40384615384613,121.02459016393442,
2017-02-23,2017-Q1,67.6,259.99999999999994,233.75,121.02459016393442,
2017-02-24,2017-Q1,67.6,259.99999999999994,234.6153846153846,121.14754098360656,
2017-02-27,2017-Q1,69.2,266.15384615384613,235.5769230769231,121.22950819672133,
2017-02-28,2017-Q1,68.95,265.1923076923077,236.63461538461544,122.09016393442624,
2017-03-01,2017-Q1,69.4,,,,
2017-03-02,2017-Q1,67.5,,,,
2017-03-03,2017-Q1,67.7,,,,
2017-03-06,2017-Q1,68.85,,,,
2017-03-07,2017-Q1,70.95,,,,
2017-03-08,2017-Q1,70.05,,,,
2017-03-09,2017-Q1,69.3,,,,
2017-03-10,2017-Q1,68.5,,,,
2017-03-13,2017-Q1,68.5,,,,
2017-03-14,2017-Q1,70.9,,,,
2017-03-15,2017-Q1,69.9,,,,
2017-03-16,2017-Q1,73.55,,,,
2017-03-17,2017-Q1,73.3,,,,
2017-03-20,2017-Q1,73.6,,,,
2017-03-21,2017-Q1,73.15,,,,
2017-03-22,2017-Q1,73.15,,,,
2017-03-23,2017-Q1,74.5,,,,
2017-03-24,2017-Q1,77.3,,,,
2017-03-27,2017-Q1,77.25,,,,
2017-03-28,2017-Q1,77.0,,,,
2017-03-29,2017-Q1,77.15,,,,
2017-03-30,2017-Q1,76.8,,,,
2017-03-31,2017-Q1,77.65,,,,
2017-04-03,2017-Q2,79.8,,,,
2017-04-04,2017-Q2,79.8,,,,
2017-04-05,2017-Q2,80.55,,,,
2017-04-06,2017-Q2,79.65,,,,
2017-04-07,2017-Q2,78.95,,,,
2017-04-10,2017-Q2,79.7,,,,
2017-04-11,2017-Q2,80.0,,,,
2017-04-12,2017-Q2,79.5,,,,
2017-04-13,2017-Q2,79.85,,,,
2017-04-14,2017-Q2,79.85,,,,
2017-04-17,2017-Q2,79.75,,,,
2017-04-18,2017-Q2,78.6,,,,
2017-04-19,2017-Q2,79.65,,,,
2017-04-20,2017-Q2,79.8,,,,
2017-04-21,2017-Q2,79.55,,,,
2017-04-24,2017-Q2,79.8,,,,
2017-04-25,2017-Q2,79.55,,,,
2017-04-26,2017-Q2,78.05,,,,
2017-04-27,2017-Q2,78.3,,,,
2017-04-28,2017-Q2,78.6,,,,
2017-05-01,2017-Q2,78.6,,,,
2017-05-02,2017-Q2,78.45,,,,
2017-05-03,2017-Q2,76.95,,,,
2017-05-04,2017-Q2,77.65,,,,
2017-05-05,2017-Q2,77.95,,,,
2017-05-08,2017-Q2,76.6,,,,
2017-05-09,2017-Q2,83.4,,,,
2017-05-10,2017-Q2,88.9,,,,
2017-05-11,2017-Q2,91.95,,,,
2017-05-12,2017-Q2,91.35,,,,
2017-05-15,2017-Q2,94.45,,,,
2017-05-16,2017-Q2,94.45,,,,
2017-05-17,2017-Q2,93.65,,,,
2017-05-18,2017-Q2,90.2,,,,
2017-05-19,2017-Q2,91.65,,,,
2017-05-22,2017-Q2,90.05,,,,
2017-05-23,2017-Q2,88.25,,,,
2017-05-24,2017-Q2,88.15,,,,
2017-05-25,2017-Q2,92.8,,,,
2017-05-26,2017-Q2,93.35,,,,
2017-05-29,2017-Q2,78.9,,,,
2017-05-30,2017-Q2,82.65,,,,
2017-05-31,2017-Q2,82.75,,,,
2017-06-01,2017-Q2,83.75,170.91836734693877,,,
2017-06-02,2017-Q2,83.75,170.91836734693877,,,
2017-06-05,2017-Q2,84.55,172.55102040816325,,,
2017-06-06,2017-Q2,83.55,170.51020408163265,,,
2017-06-07,2017-Q2,84.25,171.9387755102041,,,
2017-06-08,2017-Q2,84.6,172.6530612244898,,,
2017-06-09,2017-Q2,84.45,172.3469387755102,,,
2017-06-12,2017-Q2,82.05,167.44897959183672,,,
2017-06-13,2017-Q2,82.75,168.87755102040816,,,
2017-06-14,2017-Q2,82.0,167.3469387755102,,,
2017-06-15,2017-Q2,82.25,167.85714285714286,,,
2017-06-16,2017-Q2,83.2,169.79591836734696,,,
2017-06-19,2017-Q2,85.0,173.46938775510205,,,
2017-06-20,2017-Q2,84.9,173.265306122449,,,
2017-06-21,2017-Q2,85.25,173.9795918367347,,,
2017-06-22,2017-Q2,84.3,172.0408163265306,,,
2017-06-23,2017-Q2,81.5,166.3265306122449,,,
2017-06-26,2017-Q2,81.5,166.3265306122449,,,
2017-06-27,2017-Q2,80.0,163.26530612244898,,,
2017-06-28,2017-Q2,80.25,163.77551020408163,,,
2017-06-29,2017-Q2,80.85,165.0,,,
2017-06-30,2017-Q2,82.1,167.55102040816325,,,
2017-07-03,2017-Q3,82.6,168.57142857142856,,,
2017-07-04,2017-Q3,82.45,168.26530612244898,,,
2017-07-05,2017-Q3,83.0,169.3877551020408,,,
2017-07-06,2017-Q3,83.05,169.48979591836735,,,
2017-07-07,2017-Q3,82.8,168.9795918367347,,,
2017-07-10,2017-Q3,83.1,169.59183673469386,,,
2017-07-11,2017-Q3,82.45,168.26530612244898,,,
2017-07-12,2017-Q3,82.75,168.87755102040816,,,
2017-07-13,2017-Q3,84.65,172.75510204081635,,,
2017-07-14,2017-Q3,84.2,171.83673469387756,,,
2017-07-17,2017-Q3,85.1,173.6734693877551,,,
2017-07-18,2017-Q3,84.9,173.265306122449,,,
2017-07-19,2017-Q3,85.35,174.18367346938774,,,
2017-07-20,2017-Q3,85.95,175.40816326530614,,,
2017-07-21,2017-Q3,85.65,174.79591836734696,,,
2017-07-24,2017-Q3,85.15,173.77551020408166,,,
2017-07-25,2017-Q3,85.05,173.57142857142856,,,
2017-07-26,2017-Q3,84.9,173.265306122449,,,
2017-07-27,2017-Q3,84.55,172.55102040816325,,,
2017-07-28,2017-Q3,84.85,173.16326530612244,,,
2017-07-31,2017-Q3,84.85,173.16326530612244,,,
2017-08-01,2017-Q3,84.45,172.3469387755102,,,
2017-08-02,2017-Q3,84.0,171.42857142857144,,,
2017-08-03,2017-Q3,81.65,166.63265306122452,,,
2017-08-04,2017-Q3,81.25,165.81632653061226,,,
2017-08-07,2017-Q3,82.5,168.3673469387755,,,
2017-08-08,2017-Q3,77.5,158.16326530612244,,,
2017-08-09,2017-Q3,76.3,155.71428571428572,,,
2017-08-10,2017-Q3,72.2,147.3469387755102,,,
2017-08-11,2017-Q3,77.05,157.24489795918367,,,
2017-08-14,2017-Q3,81.45,166.22448979591837,,,
2017-08-15,2017-Q3,81.45,166.22448979591837,,,
2017-08-16,2017-Q3,81.0,165.3061224489796,,,
2017-08-17,2017-Q3,80.3,163.87755102040816,,,
2017-08-18,2017-Q3,81.4,166.12244897959184,,,
2017-08-21,2017-Q3,81.3,165.91836734693877,,,
2017-08-22,2017-Q3,79.05,161.3265306122449,,,
2017-08-23,2017-Q3,80.3,163.87755102040816,,,
2017-08-24,2017-Q3,79.85,162.95918367346937,,,
2017-08-25,2017-Q3,79.85,162.95918367346937,,,
2017-08-28,2017-Q3,79.9,163.06122448979593,,,
2017-08-29,2017-Q3,78.45,160.10204081632654,,,
2017-08-30,2017-Q3,79.55,162.3469387755102,,,
2017-08-31,2017-Q3,80.35,163.9795918367347,,,
2017-09-01,2017-Q3,81.8,545.3333333333334,,,
2017-09-04,2017-Q3,81.05,540.3333333333334,,,
2017-09-05,2017-Q3,85.45,569.6666666666667,,,
2017-09-06,2017-Q3,87.7,584.6666666666667,,,
2017-09-07,2017-Q3,88.6,590.6666666666666,,,
2017-09-08,2017-Q3,87.1,580.6666666666666,,,
2017-09-11,2017-Q3,87.15,581.0000000000001,,,
2017-09-12,2017-Q3,85.25,568.3333333333334,,,
2017-09-13,2017-Q3,85.35,569.0,,,
2017-09-14,2017-Q3,85.25,568.3333333333334,,,
2017-09-15,2017-Q3,83.4,556.0000000000001,,,
2017-09-18,2017-Q3,82.25,548.3333333333334,,,
2017-09-19,2017-Q3,81.9,546.0000000000001,,,
2017-09-20,2017-Q3,81.15,541.0000000000001,,,
2017-09-21,2017-Q3,82.1,547.3333333333334,,,
2017-09-22,2017-Q3,79.1,527.3333333333334,,,
2017-09-25,2017-Q3,79.0,526.6666666666667,,,
2017-09-26,2017-Q3,77.8,518.6666666666666,,,
2017-09-27,2017-Q3,76.35,509.0,,,
2017-09-28,2017-Q3,76.7,511.33333333333337,,,
2017-09-29,2017-Q3,78.75,525.0,,,
2017-10-02,2017-Q4,78.75,525.0,,,
2017-10-03,2017-Q4,78.4,522.6666666666667,,,
2017-10-04,2017-Q4,78.6,524.0,171.88775510204084,,
2017-10-05,2017-Q4,80.4,536.0000000000001,171.98979591836735,,
2017-10-06,2017-Q4,80.85,539.0,172.19387755102042,,
2017-10-09,2017-Q4,79.95,533.0,172.19387755102042,,
2017-10-10,2017-Q4,79.45,529.6666666666667,172.3469387755102,,
2017-10-11,2017-Q4,77.65,517.6666666666667,172.44897959183675,,
2017-10-12,2017-Q4,78.9,526.0000000000001,172.44897959183675,,
2017-10-13,2017-Q4,78.6,524.0,172.65306122448982,,
2017-10-16,2017-Q4,77.9,519.3333333333334,172.9591836734694,,
2017-10-17,2017-Q4,79.05,527.0,173.16326530612244,,
2017-10-18,2017-Q4,81.95,546.3333333333334,173.21428571428572,,
2017-10-19,2017-Q4,81.4,542.6666666666667,173.265306122449,,
2017-10-20,2017-Q4,81.4,542.6666666666667,173.265306122449,,
2017-10-23,2017-Q4,80.65,537.6666666666667,173.265306122449,,
2017-10-24,2017-Q4,81.05,540.3333333333334,173.4183673469388,,
2017-10-25,2017-Q4,81.05,540.3333333333334,173.4183673469388,,
2017-10-26,2017-Q4,82.15,547.6666666666667,173.6224489795918,,
2017-10-27,2017-Q4,81.85,545.6666666666666,173.72448979591837,,
2017-10-30,2017-Q4,82.3,548.6666666666666,173.9795918367347,,
2017-10-31,2017-Q4,82.9,552.6666666666667,174.48979591836735,,
2017-11-01,2017-Q4,86.6,577.3333333333334,175.10204081632656,,
2017-11-02,2017-Q4,85.45,569.6666666666667,342.2040816326531,,
2017-11-03,2017-Q4,84.95,566.3333333333334,510.1666666666667,,
2017-11-06,2017-Q4,87.95,586.3333333333334,514.5,,
2017-11-07,2017-Q4,87.95,586.3333333333334,518.1666666666667,,
2017-11-08,2017-Q4,86.55,577.0,519.0,,
2017-11-09,2017-Q4,86.95,579.6666666666667,521.0,,
2017-11-10,2017-Q4,83.75,558.3333333333334,523.3333333333334,,
2017-11-13,2017-Q4,83.1,554.0,524.0,,
2017-11-14,2017-Q4,81.95,546.3333333333334,524.5,,
2017-11-15,2017-Q4,79.7,531.3333333333334,525.0,,
2017-11-16,2017-Q4,80.45,536.3333333333334,525.5,,
2017-11-17,2017-Q4,83.5,556.6666666666667,526.3333333333335,,
2017-11-20,2017-Q4,84.0,560.0,526.8333333333334,,
2017-11-21,2017-Q4,86.35,575.6666666666666,527.1666666666667,,
2017-11-22,2017-Q4,85.9,572.6666666666667,528.5,,
2017-11-23,2017-Q4,86.65,577.6666666666667,530.5,,
2017-11-24,2017-Q4,85.3,568.6666666666666,532.1666666666667,,
2017-11-27,2017-Q4,87.15,581.0000000000001,534.5,,
2017-11-28,2017-Q4,88.1,587.3333333333334,536.1666666666667,,
2017-11-29,2017-Q4,88.0,586.6666666666667,537.0,,
2017-11-30,2017-Q4,86.55,577.0,538.3333333333334,,
2017-12-01,2017-Q4,84.0,2100.0,539.6666666666667,,
2017-12-04,2017-Q4,84.4,2110.0,540.3333333333334,,
2017-12-05,2017-Q4,84.7,2117.5,540.3333333333334,,
2017-12-06,2017-Q4,82.75,2068.75,540.6666666666667,,
2017-12-07,2017-Q4,84.4,2110.0,541.8333333333335,,
2017-12-08,2017-Q4,86.35,2158.75,542.6666666666667,,
2017-12-11,2017-Q4,86.3,2157.5,544.0,,
2017-12-12,2017-Q4,86.7,2167.5,545.5,,
2017-12-13,2017-Q4,85.7,2142.5,545.8333333333334,,
2017-12-14,2017-Q4,84.15,2103.75,546.1666666666667,,
2017-12-15,2017-Q4,84.7,2117.5,546.3333333333334,,
2017-12-18,2017-Q4,85.95,2148.75,546.8333333333334,,
2017-12-19,2017-Q4,87.1,2177.5,547.5,,
2017-12-20,2017-Q4,88.0,2200.0,548.0,,
2017-12-21,2017-Q4,91.0,2275.0,548.5,,
2017-12-22,2017-Q4,90.8,2270.0,550.6666666666667,,
2017-12-25,2017-Q4,90.8,2270.0,553.3333333333334,,
2017-12-26,2017-Q4,90.65,2266.25,555.0,,
2017-12-27,2017-Q4,90.4,2260.0,556.3333333333335,,
2017-12-28,2017-Q4,92.45,2311.25,557.5,,
2017-12-29,2017-Q4,92.8,2320.0,559.1666666666667,,
2018-01-01,2018-Q1,92.8,2320.0,563.1666666666667,,
2018-01-02,2018-Q1,90.55,2263.75,567.3333333333334,,
2018-01-03,2018-Q1,91.2,2280.0,568.3333333333334,,
2018-01-04,2018-Q1,91.9,2297.5,568.5,,
2018-01-05,2018-Q1,92.95,2323.75,568.8333333333333,,
2018-01-08,2018-Q1,96.35,2408.75,569.3333333333334,,
2018-01-09,2018-Q1,94.35,2358.75,569.3333333333334,,
2018-01-10,2018-Q1,94.65,2366.25,569.3333333333334,,
2018-01-11,2018-Q1,97.1,2427.5,569.3333333333334,,
2018-01-12,2018-Q1,97.9,2447.5,569.3333333333334,,
2018-01-15,2018-Q1,96.95,2423.75,569.3333333333334,,
2018-01-16,2018-Q1,94.95,2373.75,571.1666666666667,,
2018-01-17,2018-Q1,96.9,2422.5,574.1666666666667,,
2018-01-18,2018-Q1,94.05,2351.25,576.3333333333333,,
2018-01-19,2018-Q1,95.4,2385.0,577.0,,
2018-01-22,2018-Q1,96.4,2410.0,577.1666666666667,,
2018-01-23,2018-Q1,95.15,2378.75,577.5,,
2018-01-24,2018-Q1,94.45,2361.25,578.6666666666667,,
2018-01-25,2018-Q1,92.1,2302.5,580.3333333333335,,
2018-01-26,2018-Q1,92.1,2302.5,583.6666666666667,,
2018-01-29,2018-Q1,91.1,2277.5,586.3333333333334,,
2018-01-30,2018-Q1,91.35,2283.75,586.5,,
2018-01-31,2018-Q1,90.9,2272.5,587.0,,
2018-02-01,2018-Q1,91.45,2286.25,1328.0416666666667,,
2018-02-02,2018-Q1,86.0,2150.0,2084.375,,
2018-02-05,2018-Q1,85.7,2142.5,2101.875,,
2018-02-06,2018-Q1,83.55,2088.75,2101.875,,
2018-02-07,2018-Q1,85.6,2140.0,2106.875,540.6666666666667,
2018-02-08,2018-Q1,88.8,2220.0,2110.0,541.8333333333335,
2018-02-09,2018-Q1,88.15,2203.75,2113.75,542.6666666666667,
2018-02-12,2018-Q1,90.25,2256.25,2117.5,544.0,
2018-02-13,2018-Q1,90.25,2256.25,2128.75,545.5,
2018-02-14,2018-Q1,89.45,2236.25,2141.25,545.8333333333334,
2018-02-15,2018-Q1,87.95,2198.75,2142.5,546.1666666666667,
2018-02-16,2018-Q1,84.4,2110.0,2142.5,546.3333333333334,
2018-02-19,2018-Q1,82.8,2070.0,2142.5,546.8333333333334,
2018-02-20,2018-Q1,82.2,2055.0,2142.5,547.5,
2018-02-21,2018-Q1,82.25,2056.25,2142.5,548.0,
2018-02-22,2018-Q1,80.95,2023.75,2142.5,548.5,
2018-02-23,2018-Q1,82.65,2066.25,2142.5,550.6666666666667,
2018-02-26,2018-Q1,82.65,2066.25,2142.5,553.3333333333334,
2018-02-27,2018-Q1,82.85,2071.25,2142.5,555.0,
2018-02-28,2018-Q1,83.5,2087.5,2142.5,556.3333333333335,
2018-03-01,2018-Q1,82.05,,,,
2018-03-02,2018-Q1,82.05,,,,
2018-03-05,2018-Q1,80.25,,,,
2018-03-06,2018-Q1,79.45,,,,
2018-03-07,2018-Q1,76.9,,,,
2018-03-08,2018-Q1,79.05,,,,
2018-03-09,2018-Q1,78.25,,,,
2018-03-12,2018-Q1,80.7,,,,
2018-03-13,2018-Q1,82.25,,,,
2018-03-14,2018-Q1,82.65,,,,
2018-03-15,2018-Q1,82.7,,,,
2018-03-16,2018-Q1,79.95,,,,
2018-03-19,2018-Q1,78.9,,,,
2018-03-20,2018-Q1,78.05,,,,
2018-03-21,2018-Q1,77.05,,,,
2018-03-22,2018-Q1,76.15,,,,
2018-03-23,2018-Q1,73.8,,,,
2018-03-26,2018-Q1,76.35,,,,
2018-03-27,2018-Q1,76.35,,,,
2018-03-28,2018-Q1,77.6,,,,
2018-03-29,2018-Q1,77.6,,,,
2018-03-30,2018-Q1,77.6,,,,
2018-04-02,2018-Q2,79.0,,,,
2018-04-03,2018-Q2,80.2,,,,
2018-04-04,2018-Q2,78.85,,,,
2018-04-05,2018-Q2,80.3,,,,
2018-04-06,2018-Q2,82.1,,,,
2018-04-09,2018-Q2,81.2,,,,
2018-04-10,2018-Q2,81.45,,,,
2018-04-11,2018-Q2,81.7,,,,
2018-04-12,2018-Q2,80.4,,,,
2018-04-13,2018-Q2,80.2,,,,
2018-04-16,2018-Q2,80.7,,,,
2018-04-17,2018-Q2,82.55,,,,
2018-04-18,2018-Q2,81.95,,,,
2018-04-19,2018-Q2,84.15,,,,
2018-04-20,2018-Q2,83.15,,,,
2018-04-23,2018-Q2,82.55,,,,
2018-04-24,2018-Q2,82.35,,,,
2018-04-25,2018-Q2,81.3,,,,
2018-04-26,2018-Q2,81.85,,,,
2018-04-27,2018-Q2,79.25,,,,
2018-04-30,2018-Q2,83.85,,,,
2018-05-01,2018-Q2,83.85,,,,
2018-05-02,2018-Q2,81.7,,,,
2018-05-03,2018-Q2,81.7,,,,
2018-05-04,2018-Q2,80.65,,,,
2018-05-07,2018-Q2,82.2,,,,
2018-05-08,2018-Q2,81.9,,,,
2018-05-09,2018-Q2,81.25,,,,
2018-05-10,2018-Q2,79.3,,,,
2018-05-11,2018-Q2,78.55,,,,
2018-05-14,2018-Q2,79.3,,,,
2018-05-15,2018-Q2,77.45,,,,
2018-05-16,2018-Q2,76.0,,,,
2018-05-17,2018-Q2,76.5,,,,
2018-05-18,2018-Q2,73.45,,,,
2018-05-21,2018-Q2,71.6,,,,
2018-05-22,2018-Q2,74.35,,,,
2018-05-23,2018-Q2,71.95,,,,
2018-05-24,2018-Q2,72.0,,,,
2018-05-25,2018-Q2,74.7,,,,
2018-05-28,2018-Q2,77.85,,,,
2018-05-29,2018-Q2,77.4,,,,
2018-05-30,2018-Q2,76.8,,,,
2018-05-31,2018-Q2,61.5,,,,
2018-06-01,2018-Q2,59.2,160.0,,,
2018-06-04,2018-Q2,56.9,153.78378378378378,,,
2018-06-05,2018-Q2,55.65,150.4054054054054,,,
2018-06-06,2018-Q2,57.6,155.67567567567568,,,
2018-06-07,2018-Q2,57.75,156.0810810810811,,,
2018-06-08,2018-Q2,59.95,162.02702702702703,,,
2018-06-11,2018-Q2,58.8,158.9189189189189,,,
2018-06-12,2018-Q2,57.75,156.0810810810811,,,
2018-06-13,2018-Q2,56.85,153.64864864864865,,,
2018-06-14,2018-Q2,57.0,154.05405405405406,,,
2018-06-15,2018-Q2,56.25,152.02702702702703,,,
2018-06-18,2018-Q2,54.95,148.51351351351352,,,
2018-06-19,2018-Q2,51.15,138.24324324324323,,,
2018-06-20,2018-Q2,53.35,144.1891891891892,,,
2018-06-21,2018-Q2,54.95,148.51351351351352,,,
2018-06-22,2018-Q2,55.2,149.1891891891892,,,
2018-06-25,2018-Q2,54.45,147.16216216216216,,,
2018-06-26,2018-Q2,54.75,147.97297297297297,,,
2018-06-27,2018-Q2,50.2,135.67567567567568,,,
2018-06-28,2018-Q2,55.65,150.4054054054054,,,
2018-06-29,2018-Q2,55.95,151.21621621621622,,,
2018-07-02,2018-Q3,59.0,159.45945945945945,,,
2018-07-03,2018-Q3,57.5,155.40540540540542,,,
2018-07-04,2018-Q3,57.8,156.2162162162162,,,
2018-07-05,2018-Q3,58.2,157.29729729729732,,,
2018-07-06,2018-Q3,60.05,162.2972972972973,,,
2018-07-09,2018-Q3,60.0,162.16216216216216,,,
2018-07-10,2018-Q3,60.45,163.3783783783784,,,
2018-07-11,2018-Q3,59.55,160.94594594594594,,,
2018-07-12,2018-Q3,59.05,159.59459459459458,,,
2018-07-13,2018-Q3,57.35,155.0,,,
2018-07-16,2018-Q3,54.75,147.97297297297297,,,
2018-07-17,2018-Q3,58.75,158.78378378378378,,,
2018-07-18,2018-Q3,57.85,156.35135135135135,,,
2018-07-19,2018-Q3,58.2,157.29729729729732,,,
2018-07-20,2018-Q3,59.3,160.27027027027026,,,
2018-07-23,2018-Q3,60.85,164.45945945945945,,,
2018-07-24,2018-Q3,63.7,172.16216216216216,,,
2018-07-25,2018-Q3,62.05,167.7027027027027,,,
2018-07-26,2018-Q3,62.3,168.3783783783784,,,
2018-07-27,2018-Q3,63.3,171.08108108108107,,,
2018-07-30,2018-Q3,63.85,172.56756756756758,,,
2018-07-31,2018-Q3,64.05,173.1081081081081,,,
2018-08-01,2018-Q3,63.25,170.94594594594594,,,
2018-08-02,2018-Q3,61.35,165.8108108108108,,,
2018-08-03,2018-Q3,62.55,169.05405405405403,,,
2018-08-06,2018-Q3,61.75,166.8918918918919,,,
2018-08-07,2018-Q3,59.1,159.72972972972974,,,
2018-08-08,2018-Q3,57.65,155.8108108108108,,,
2018-08-09,2018-Q3,61.15,165.27027027027026,,,
2018-08-10,2018-Q3,60.25,162.83783783783784,,,
2018-08-13,2018-Q3,61.1,165.13513513513513,,,
2018-08-14,2018-Q3,60.15,162.56756756756758,,,
2018-08-15,2018-Q3,60.15,162.56756756756758,,,
2018-08-16,2018-Q3,59.2,160.0,,,
2018-08-17,2018-Q3,59.6,161.0810810810811,,,
2018-08-20,2018-Q3,60.45,163.3783783783784,,,
2018-08-21,2018-Q3,61.05,165.0,,,
2018-08-22,2018-Q3,61.05,165.0,,,
2018-08-23,2018-Q3,60.5,163.51351351351352,,,
2018-08-24,2018-Q3,59.25,160.13513513513513,,,
2018-08-27,2018-Q3,59.7,161.35135135135135,,,
2018-08-28,2018-Q3,59.4,160.54054054054055,,,
2018-08-29,2018-Q3,59.1,159.72972972972974,,,
2018-08-30,2018-Q3,59.7,161.35135135135135,,,
2018-08-31,2018-Q3,59.0,159.45945945945945,,,
2018-09-03,2018-Q3,58.4,157.83783783783784,,,
2018-09-04,2018-Q3,55.55,150.13513513513513,,,
2018-09-05,2018-Q3,56.3,152.16216216216216,,,
2018-09-06,2018-Q3,55.95,151.21621621621622,,,
2018-09-07,2018-Q3,56.3,152.16216216216216,,,
2018-09-10,2018-Q3,55.3,149.45945945945945,,,
2018-09-11,2018-Q3,54.0,145.94594594594594,,,
2018-09-12,2018-Q3,54.6,147.56756756756758,,,
2018-09-13,2018-Q3,54.6,147.56756756756758,,,
2018-09-14,2018-Q3,54.95,148.51351351351352,,,
2018-09-17,2018-Q3,54.5,147.2972972972973,,,
2018-09-18,2018-Q3,53.4,144.32432432432432,,,
2018-09-19,2018-Q3,53.4,144.32432432432432,,,
2018-09-20,2018-Q3,53.4,144.32432432432432,,,
2018-09-21,2018-Q3,51.35,138.78378378378378,,,
2018-09-24,2018-Q3,49.45,133.64864864864865,,,
2018-09-25,2018-Q3,49.4,133.51351351351352,,,
2018-09-26,2018-Q3,48.7,131.62162162162164,,,
2018-09-27,2018-Q3,46.55,125.8108108108108,,,
2018-09-28,2018-Q3,44.8,121.08108108108108,,,
2018-10-01,2018-Q4,45.7,123.51351351351352,,,
2018-10-02,2018-Q4,45.7,123.51351351351352,,,
2018-10-03,2018-Q4,44.7,120.81081081081082,,,
2018-10-04,2018-Q4,44.25,119.5945945945946,156.14864864864865,,
2018-10-05,2018-Q4,41.3,111.6216216216216,156.0810810810811,,
2018-10-08,2018-Q4,40.8,110.27027027027026,156.0810810810811,,
2018-10-09,2018-Q4,40.65,109.86486486486486,156.0810810810811,,
2018-10-10,2018-Q4,40.9,110.54054054054052,156.0810810810811,,
2018-10-11,2018-Q4,39.15,105.8108108108108,155.94594594594594,,
2018-10-12,2018-Q4,40.6,109.72972972972974,155.60810810810813,,
2018-10-15,2018-Q4,40.9,110.54054054054052,155.2027027027027,,
2018-10-16,2018-Q4,40.9,110.54054054054052,154.52702702702703,,
2018-10-17,2018-Q4,38.95,105.27027027027027,154.52702702702703,,
2018-10-18,2018-Q4,38.95,105.27027027027027,153.5810810810811,,
2018-10-19,2018-Q4,37.7,101.8918918918919,153.5810810810811,,
2018-10-22,2018-Q4,37.05,100.13513513513512,153.5810810810811,,
2018-10-23,2018-Q4,36.9,99.72972972972973,153.5810810810811,,
2018-10-24,2018-Q4,36.1,97.56756756756758,153.5810810810811,,
2018-10-25,2018-Q4,36.0,97.2972972972973,153.5810810810811,,
2018-10-26,2018-Q4,34.95,94.45945945945948,153.5810810810811,,
2018-10-29,2018-Q4,35.9,97.02702702702702,153.5810810810811,,
2018-10-30,2018-Q4,35.45,95.81081081081082,153.5810810810811,,
2018-10-31,2018-Q4,35.45,95.81081081081082,153.5810810810811,,
2018-11-01,2018-Q4,35.5,95.94594594594597,153.5810810810811,,
2018-11-02,2018-Q4,37.4,101.08108108108108,153.5810810810811,,
2018-11-05,2018-Q4,36.35,98.24324324324324,152.16216216216216,,
2018-11-06,2018-Q4,35.8,96.75675675675674,151.6891891891892,,
2018-11-07,2018-Q4,36.4,98.37837837837836,150.67567567567568,,
2018-11-08,2018-Q4,36.4,98.37837837837836,149.7972972972973,,
2018-11-09,2018-Q4,36.1,97.56756756756758,148.98648648648648,,
2018-11-12,2018-Q4,35.4,95.67567567567568,148.24324324324323,,
2018-11-13,2018-Q4,35.45,95.81081081081082,147.77027027027026,,
2018-11-14,2018-Q4,33.7,91.0810810810811,147.56756756756758,,
2018-11-15,2018-Q4,35.0,94.5945945945946,147.43243243243245,,
2018-11-16,2018-Q4,36.0,97.2972972972973,146.6216216216216,,
2018-11-19,2018-Q4,38.4,103.78378378378378,145.13513513513513,,
2018-11-20,2018-Q4,37.95,102.56756756756758,144.32432432432432,,
2018-11-21,2018-Q4,39.15,105.8108108108108,144.32432432432432,,
2018-11-22,2018-Q4,39.9,107.83783783783784,141.55405405405406,,
2018-11-23,2018-Q4,39.9,107.83783783783784,136.2162162162162,,
2018-11-26,2018-Q4,39.65,107.16216216216216,133.5810810810811,,
2018-11-27,2018-Q4,39.4,106.48648648648648,132.56756756756758,,
2018-11-28,2018-Q4,37.7,101.8918918918919,128.71621621621622,,
2018-11-29,2018-Q4,38.3,103.5135135135135,124.66216216216216,,
2018-11-30,2018-Q4,38.75,104.72972972972973,123.51351351351352,,
2018-12-03,2018-Q4,41.1,111.08108108108108,122.29729729729728,,
2018-12-04,2018-Q4,40.65,109.86486486486486,120.94594594594597,,
2018-12-05,2018-Q4,39.15,105.8108108108108,120.20270270270272,,
2018-12-06,2018-Q4,37.4,101.08108108108108,115.6081081081081,,
2018-12-07,2018-Q4,37.5,101.35135135135135,111.35135135135134,,
2018-12-10,2018-Q4,36.95,99.86486486486488,110.8108108108108,,
2018-12-11,2018-Q4,38.05,102.83783783783782,110.54054054054052,,
2018-12-12,2018-Q4,39.3,106.2162162162162,110.54054054054052,,
2018-12-13,2018-Q4,38.95,105.27027027027027,110.4054054054054,,
2018-12-14,2018-Q4,40.45,109.32432432432434,110.06756756756756,,
2018-12-17,2018-Q4,40.2,108.64864864864866,109.86486486486486,,
2018-12-18,2018-Q4,40.35,109.05405405405406,109.79729729729728,,
2018-12-19,2018-Q4,41.25,111.48648648648648,109.79729729729728,,
2018-12-20,2018-Q4,40.15,108.51351351351352,109.52702702702705,,
2018-12-21,2018-Q4,43.45,117.43243243243244,109.52702702702705,,
2018-12-24,2018-Q4,43.75,118.24324324324324,109.52702702702705,,
2018-12-25,2018-Q4,43.75,118.24324324324324,109.52702702702705,,
2018-12-26,2018-Q4,44.1,119.1891891891892,109.52702702702705,,
2018-12-27,2018-Q4,43.95,118.7837837837838,109.52702702702705,,
2018-12-28,2018-Q4,45.65,123.37837837837836,109.52702702702705,,
2018-12-31,2018-Q4,44.85,121.21621621621622,109.52702702702705,,
2019-01-01,2019-Q1,45.7,123.51351351351352,109.52702702702705,,
2019-01-02,2019-Q1,44.35,119.86486486486488,109.52702702702705,,
2019-01-03,2019-Q1,43.35,117.16216216216216,109.52702702702705,,
2019-01-04,2019-Q1,44.3,119.72972972972973,109.52702702702705,,
2019-01-07,2019-Q1,44.75,120.94594594594597,109.52702702702705,,
2019-01-08,2019-Q1,46.0,124.32432432432432,109.52702702702705,,
2019-01-09,2019-Q1,45.2,122.16216216216218,109.52702702702705,,
2019-01-10,2019-Q1,45.45,122.83783783783784,109.52702702702705,,
2019-01-11,2019-Q1,44.65,120.67567567567568,109.52702702702705,,
2019-01-14,2019-Q1,43.75,118.24324324324324,109.52702702702705,,
2019-01-15,2019-Q1,44.6,120.54054054054056,109.52702702702705,,
2019-01-16,2019-Q1,44.7,120.81081081081082,109.52702702702705,,
2019-01-17,2019-Q1,43.6,117.83783783783784,109.52702702702705,,
2019-01-18,2019-Q1,43.05,116.35135135135134,109.52702702702705,,
2019-01-21,2019-Q1,42.25,114.1891891891892,109.52702702702705,,
2019-01-22,2019-Q1,41.8,112.97297297297295,109.52702702702705,,
2019-01-23,2019-Q1,40.5,109.45945945945948,109.3918918918919,,
2019-01-24,2019-Q1,38.7,104.5945945945946,109.1891891891892,,
2019-01-25,2019-Q1,37.5,101.35135135135135,108.85135135135135,,
2019-01-28,2019-Q1,36.5,98.64864864864865,108.5810810810811,,
2019-01-29,2019-Q1,37.0,100.0,108.17567567567568,,
2019-01-30,2019-Q1,37.45,101.21621621621622,107.83783783783784,,
2019-01-31,2019-Q1,37.6,101.62162162162164,107.5,,
2019-02-01,2019-Q1,38.0,102.70270270270272,106.82432432432432,,
2019-02-04,2019-Q1,36.8,99.45945945945944,106.35135135135134,,
2019-02-05,2019-Q1,31.75,85.8108108108108,106.0135135135135,,
2019-02-06,2019-Q1,32.55,87.97297297297297,105.8108108108108,,
2019-02-07,2019-Q1,35.55,96.08108108108108,105.8108108108108,123.1081081081081,
2019-02-08,2019-Q1,35.15,95.0,105.54054054054056,122.5,
2019-02-11,2019-Q1,34.3,92.7027027027027,105.27027027027027,121.6891891891892,
2019-02-12,2019-Q1,33.7,91.0810810810811,105.27027027027027,121.14864864864865,
2019-02-13,2019-Q1,23.65,63.91891891891892,105.0,121.01351351351352,
2019-02-14,2019-Q1,28.85,77.97297297297298,104.66216216216216,120.8783783783784,
2019-02-15,2019-Q1,29.3,79.1891891891892,104.1891891891892,120.81081081081082,
2019-02-18,2019-Q1,29.0,78.37837837837839,103.64864864864865,120.74324324324326,
2019-02-19,2019-Q1,28.8,77.83783783783784,103.17567567567566,120.60810810810813,
2019-02-20,2019-Q1,30.25,81.75675675675676,102.77027027027027,120.20270270270272,
2019-02-21,2019-Q1,31.2,84.32432432432432,102.63513513513516,119.7972972972973,
2019-02-22,2019-Q1,31.2,84.32432432432432,102.63513513513516,119.66216216216216,
2019-02-25,2019-Q1,31.5,85.13513513513513,102.63513513513516,119.3918918918919,
2019-02-26,2019-Q1,30.85,83.37837837837839,102.63513513513516,118.9864864864865,
2019-02-27,2019-Q1,31.45,85.0,102.63513513513516,118.51351351351352,
2019-02-28,2019-Q1,32.2,87.02702702702703,102.63513513513516,118.24324324324324,
2019-03-01,2019-Q1,36.6,,,,
2019-03-04,2019-Q1,36.6,,,,
2019-03-05,2019-Q1,38.05,,,,
2019-03-06,2019-Q1,37.15,,,,
2019-03-07,2019-Q1,36.5,,,,
2019-03-08,2019-Q1,36.2,,,,
2019-03-11,2019-Q1,38.65,,,,
2019-03-12,2019-Q1,42.65,,,,
2019-03-13,2019-Q1,41.8,,,,
2019-03-14,2019-Q1,42.15,,,,
2019-03-15,2019-Q1,43.95,,,,
2019-03-18,2019-Q1,44.65,,,,
2019-03-19,2019-Q1,46.65,,,,
2019-03-20,2019-Q1,45.45,,,,
2019-03-21,2019-Q1,45.45,,,,
2019-03-22,2019-Q1,44.4,,,,
2019-03-25,2019-Q1,44.15,,,,
2019-03-26,2019-Q1,43.8,,,,
2019-03-27,2019-Q1,42.75,,,,
2019-03-28,2019-Q1,43.4,,,,
2019-03-29,2019-Q1,42.7,,,,
2019-04-01,2019-Q2,40.75,,,,
2019-04-02,2019-Q2,40.8,,,,
2019-04-03,2019-Q2,40.15,,,,
2019-04-04,2019-Q2,39.6,,,,
2019-04-05,2019-Q2,38.65,,,,
2019-04-08,2019-Q2,38.7,,,,
2019-04-09,2019-Q2,39.2,,,,
2019-04-10,2019-Q2,38.5,,,,
2019-04-11,2019-Q2,39.85,,,,
2019-04-12,2019-Q2,39.05,,,,
2019-04-15,2019-Q2,38.75,,,,
2019-04-16,2019-Q2,38.65,,,,
2019-04-17,2019-Q2,38.65,,,,
2019-04-18,2019-Q2,36.9,,,,
2019-04-19,2019-Q2,36.9,,,,
2019-04-22,2019-Q2,34.35,,,,
2019-04-23,2019-Q2,35.0,,,,
2019-04-24,2019-Q2,37.55,,,,
2019-04-25,2019-Q2,39.25,,,,
2019-04-26,2019-Q2,39.25,,,,
2019-04-29,2019-Q2,39.25,,,,
2019-04-30,2019-Q2,37.6,,,,
2019-05-01,2019-Q2,37.6,,,,
2019-05-02,2019-Q2,36.6,,,,
2019-05-03,2019-Q2,36.9,,,,
2019-05-06,2019-Q2,37.7,,,,
2019-05-07,2019-Q2,36.85,,,,
2019-05-08,2019-Q2,39.2,,,,
2019-05-09,2019-Q2,37.0,,,,
2019-05-10,2019-Q2,37.25,,,,
2019-05-13,2019-Q2,35.2,,,,
2019-05-14,2019-Q2,37.05,,,,
2019-05-15,2019-Q2,35.45,,,,
2019-05-16,2019-Q2,35.6,,,,
2019-05-17,2019-Q2,35.6,,,,
2019-05-20,2019-Q2,38.85,,,,
2019-05-21,2019-Q2,37.9,,,,
2019-05-22,2019-Q2,38.9,,,,
2019-05-23,2019-Q2,38.15,,,,
2019-05-24,2019-Q2,39.2,,,,
2019-05-27,2019-Q2,38.05,,,,
2019-05-28,2019-Q2,38.15,,,,
2019-05-29,2019-Q2,36.7,,,,
2019-05-30,2019-Q2,36.35,,,,
2019-05-31,2019-Q2,35.45,,,,
2019-06-03,2019-Q2,35.8,,,,
2019-06-04,2019-Q2,35.5,,,,
2019-06-05,2019-Q2,35.5,,,,
2019-06-06,2019-Q2,34.3,,,,
2019-06-07,2019-Q2,32.55,,,,
2019-06-10,2019-Q2,32.35,,,,
2019-06-11,2019-Q2,32.65,,,,
2019-06-12,2019-Q2,31.6,,,,
2019-06-13,2019-Q2,31.8,,,,
2019-06-14,2019-Q2,30.5,,,,
2019-06-17,2019-Q2,30.0,,,,
2019-06-18,2019-Q2,28.5,,,,
2019-06-19,2019-Q2,27.3,,,,
2019-06-20,2019-Q2,29.3,,,,
2019-06-21,2019-Q2,28.75,,,,
2019-06-24,2019-Q2,29.35,,,,
2019-06-25,2019-Q2,28.95,,,,
2019-06-26,2019-Q2,30.25,,,,
2019-06-27,2019-Q2,29.55,,,,
2019-06-28,2019-Q2,28.55,,,,
2019-07-01,2019-Q3,27.7,,,,
2019-07-02,2019-Q3,26.8,,,,
2019-07-03,2019-Q3,26.6,,,,
2019-07-04,2019-Q3,26.25,,,,
2019-07-05,2019-Q3,25.15,,,,
2019-07-08,2019-Q3,23.0,,,,
2019-07-09,2019-Q3,23.3,,,,
2019-07-10,2019-Q3,22.4,,,,
2019-07-11,2019-Q3,21.85,,,,
2019-07-12,2019-Q3,21.05,,,,
2019-07-15,2019-Q3,19.1,,,,
2019-07-16,2019-Q3,17.8,,,,
2019-07-17,2019-Q3,19.55,,,,
2019-07-18,2019-Q3,21.5,,,,
2019-07-19,2019-Q3,22.05,,,,
2019-07-22,2019-Q3,21.6,,,,
2019-07-23,2019-Q3,21.1,,,,
2019-07-24,2019-Q3,20.25,,,,
2019-07-25,2019-Q3,20.5,,,,
2019-07-26,2019-Q3,20.1,,,,
2019-07-29,2019-Q3,19.2,,,,
2019-07-30,2019-Q3,18.8,,,,
2019-07-31,2019-Q3,18.25,,,,
2019-08-01,2019-Q3,18.6,,,,
2019-08-02,2019-Q3,18.15,,,,
2019-08-05,2019-Q3,17.7,,,,
2019-08-06,2019-Q3,18.25,,,,
2019-08-07,2019-Q3,18.05,,,,
2019-08-08,2019-Q3,18.05,,,,
2019-08-09,2019-Q3,18.3,,,,
2019-08-12,2019-Q3,18.3,,,,
2019-08-13,2019-Q3,18.15,,,,
2019-08-14,2019-Q3,17.9,,,,
2019-08-15,2019-Q3,17.9,,,,
2019-08-16,2019-Q3,18.0,,,,
2019-08-19,2019-Q3,18.45,,,,
2019-08-20,2019-Q3,14.8,,,,
2019-08-21,2019-Q3,11.85,,,,
2019-08-22,2019-Q3,10.7,,,,
2019-08-23,2019-Q3,9.65,,,,
2019-08-26,2019-Q3,8.7,,,,
2019-08-27,2019-Q3,9.1,,,,
2019-08-28,2019-Q3,9.55,,,,
2019-08-29,2019-Q3,10.0,,,,
2019-08-30,2019-Q3,10.5,,,,
2019-09-02,2019-Q3,10.5,,,,
2019-09-03,2019-Q3,11.0,,,,
2019-09-04,2019-Q3,11.55,,,,
2019-09-05,2019-Q3,12.1,,,,
2019-09-06,2019-Q3,12.7,,,,
2019-09-09,2019-Q3,13.3,,,,
2019-09-10,2019-Q3,13.3,,,,
2019-09-11,2019-Q3,13.95,,,,
2019-09-12,2019-Q3,14.6,,,,
2019-09-13,2019-Q3,14.25,,,,
2019-09-16,2019-Q3,14.95,,,,
2019-09-17,2019-Q3,15.65,,,,
2019-09-18,2019-Q3,15.0,,,,
2019-09-19,2019-Q3,14.25,,,,
2019-09-20,2019-Q3,13.55,,,,
2019-09-23,2019-Q3,13.9,,,,
2019-09-24,2019-Q3,14.55,,,,
2019-09-25,2019-Q3,15.25,,,,
2019-09-26,2019-Q3,15.6,,,,
2019-09-27,2019-Q3,14.85,,,,
2019-09-30,2019-Q3,14.15,,,,
2019-10-01,2019-Q4,13.45,,,,
2019-10-02,2019-Q4,13.45,,,,
2019-10-03,2019-Q4,14.1,,,,
2019-10-04,2019-Q4,14.8,,,,
2019-10-07,2019-Q4,14.45,,,,
2019-10-08,2019-Q4,14.45,,,,
2019-10-09,2019-Q4,14.2,,,,
2019-10-10,2019-Q4,13.85,,,,
2019-10-11,2019-Q4,13.25,,,,
2019-10-14,2019-Q4,13.4,,,,
2019-10-15,2019-Q4,13.1,,,,
2019-10-16,2019-Q4,13.75,,,,
2019-10-17,2019-Q4,14.4,,,,
2019-10-18,2019-Q4,15.1,,,,
2019-10-21,2019-Q4,15.1,,,,
2019-10-22,2019-Q4,14.85,,,,
2019-10-23,2019-Q4,14.8,,,,
2019-10-24,2019-Q4,14.7,,,,
2019-10-25,2019-Q4,14.65,,,,
2019-10-27,2019-Q4,15.0,,,,
2019-10-28,2019-Q4,15.0,,,,
2019-10-29,2019-Q4,14.7,,,,
2019-10-30,2019-Q4,14.65,,,,
2019-10-31,2019-Q4,14.45,,,,
2019-11-01,2019-Q4,13.9,,,,
2019-11-04,2019-Q4,14.55,,,,
2019-11-05,2019-Q4,15.25,,,,
2019-11-06,2019-Q4,16.0,,,,
2019-11-07,2019-Q4,16.8,,,,
2019-11-08,2019-Q4,16.3,,,,
2019-11-11,2019-Q4,15.95,,,,
2019-11-12,2019-Q4,15.95,,,,
2019-11-13,2019-Q4,16.65,,,,
2019-11-14,2019-Q4,16.15,,,,
2019-11-15,2019-Q4,15.45,,,,
2019-11-18,2019-Q4,14.95,,,,
2019-11-19,2019-Q4,14.5,,,,
2019-11-20,2019-Q4,14.1,,,,
2019-11-21,2019-Q4,13.85,,,,
2019-11-22,2019-Q4,14.1,,,,
2019-11-25,2019-Q4,14.75,,,,
2019-11-26,2019-Q4,14.05,,,,
2019-11-27,2019-Q4,13.95,,,,
2019-11-28,2019-Q4,13.7,,,,
2019-11-29,2019-Q4,13.7,,,,
2019-12-02,2019-Q4,13.15,,,,
2019-12-03,2019-Q4,12.6,,,,
2019-12-04,2019-Q4,12.05,,,,
2019-12-05,2019-Q4,12.6,,,,
2019-12-06,2019-Q4,12.25,,,,
2019-12-09,2019-Q4,12.15,,,,
2019-12-10,2019-Q4,11.7,,,,
2019-12-11,2019-Q4,11.15,,,,
2019-12-12,2019-Q4,11.55,,,,
2019-12-13,2019-Q4,12.1,,,,
2019-12-16,2019-Q4,11.95,,,,
2019-12-17,2019-Q4,11.65,,,,
2019-12-18,2019-Q4,11.4,,,,
2019-12-19,2019-Q4,11.15,,,,
2019-12-20,2019-Q4,10.9,,,,
2019-12-23,2019-Q4,10.9,,,,
2019-12-24,2019-Q4,10.4,,,,
2019-12-25,2019-Q4,10.4,,,,
2019-12-26,2019-Q4,10.65,,,,
2019-12-27,2019-Q4,11.1,,,,
2019-12-30,2019-Q4,10.9,,,,
2019-12-31,2019-Q4,10.8,,,,
2020-01-01,2020-Q1,10.95,,,,
2020-01-02,2020-Q1,11.3,,,,
2020-01-03,2020-Q1,11.85,,,,
2020-01-06,2020-Q1,12.1,,,,
2020-01-07,2020-Q1,11.95,,,,
2020-01-08,2020-Q1,11.4,,,,
2020-01-09,2020-Q1,11.4,,,,
2020-01-10,2020-Q1,11.25,,,,
2020-01-13,2020-Q1,10.75,,,,
2020-01-14,2020-Q1,10.25,,,,
2020-01-15,2020-Q1,9.75,,,,
2020-01-16,2020-Q1,9.3,,,,
2020-01-17,2020-Q1,8.85,,,,
2020-01-20,2020-Q1,8.45,,,,
2020-01-21,2020-Q1,8.05,,,,
2020-01-22,2020-Q1,8.45,,,,
2020-01-23,2020-Q1,8.85,,,,
2020-01-24,2020-Q1,9.25,,,,
2020-01-27,2020-Q1,9.7,,,,
2020-01-28,2020-Q1,10.15,,,,
2020-01-29,2020-Q1,10.6,,,,
2020-01-30,2020-Q1,10.1,,,,
2020-01-31,2020-Q1,9.6,,,,
2020-02-01,2020-Q1,9.15,,,,
2020-02-03,2020-Q1,8.7,,,,
2020-02-04,2020-Q1,9.1,,,,
2020-02-05,2020-Q1,9.2,,,,
2020-02-06,2020-Q1,9.65,,,,
2020-02-07,2020-Q1,9.25,,,,
2020-02-10,2020-Q1,9.05,,,,
2020-02-11,2020-Q1,8.6,,,,
2020-02-12,2020-Q1,8.65,,,,
2020-02-13,2020-Q1,9.05,,,,
2020-02-14,2020-Q1,8.95,,,,
2020-02-17,2020-Q1,8.75,,,,
2020-02-18,2020-Q1,8.35,,,,
2020-02-19,2020-Q1,8.45,,,,
2020-02-20,2020-Q1,8.35,,,,
2020-02-21,2020-Q1,8.35,,,,
2020-02-24,2020-Q1,8.05,,,,
2020-02-25,2020-Q1,7.65,,,,
2020-02-26,2020-Q1,7.35,,,,
2020-02-27,2020-Q1,7.0,,,,
2020-02-28,2020-Q1,7.0,,,,
2020-03-02,2020-Q1,6.8,,,,
2020-03-03,2020-Q1,6.5,,,,
2020-03-04,2020-Q1,6.2,,,,
2020-03-05,2020-Q1,6.0,,,,
2020-03-06,2020-Q1,5.7,,,,
2020-03-09,2020-Q1,5.45,,,,
2020-03-10,2020-Q1,5.45,,,,
2020-03-11,2020-Q1,5.25,,,,
2020-03-12,2020-Q1,5.0,,,,
2020-03-13,2020-Q1,5.15,,,,
2020-03-16,2020-Q1,5.4,,,,
2020-03-17,2020-Q1,5.65,,,,
2020-03-18,2020-Q1,5.85,,,,
2020-03-19,2020-Q1,5.6,,,,
2020-03-20,2020-Q1,5.85,,,,
2020-03-23,2020-Q1,5.6,,,,
2020-03-24,2020-Q1,5.5,,,,
2020-03-25,2020-Q1,5.25,,,,
2020-03-26,2020-Q1,5.05,,,,
2020-03-27,2020-Q1,5.1,,,,
2020-03-30,2020-Q1,4.9,,,,
2020-03-31,2020-Q1,5.05,,,,
2020-04-01,2020-Q2,5.3,,,,
2020-04-02,2020-Q2,5.3,,,,
2020-04-03,2020-Q2,5.55,,,,
2020-04-06,2020-Q2,5.55,,,,
2020-04-07,2020-Q2,5.8,,,,
2020-04-08,2020-Q2,6.05,,,,
2020-04-09,2020-Q2,6.65,,,,
2020-04-10,2020-Q2,6.65,,,,
2020-04-13,2020-Q2,7.3,,,,
2020-04-14,2020-Q2,7.3,,,,
2020-04-15,2020-Q2,8.0,,,,
2020-04-16,2020-Q2,8.4,,,,
2020-04-17,2020-Q2,8.0,,,,
2020-04-20,2020-Q2,7.6,,,,
2020-04-21,2020-Q2,7.25,,,,
2020-04-22,2020-Q2,7.6,,,,
2020-04-23,2020-Q2,7.8,,,,
2020-04-24,2020-Q2,8.05,,,,
2020-04-27,2020-Q2,8.2,,,,
2020-04-28,2020-Q2,8.0,,,,
2020-04-29,2020-Q2,8.0,,,,
2020-04-30,2020-Q2,7.95,,,,
2020-05-01,2020-Q2,7.95,,,,
2020-05-04,2020-Q2,7.6,,,,
2020-05-05,2020-Q2,7.25,,,,
2020-05-06,2020-Q2,7.05,,,,
2020-05-07,2020-Q2,7.35,,,,
2020-05-08,2020-Q2,7.0,,,,
2020-05-11,2020-Q2,6.65,,,,
2020-05-12,2020-Q2,6.35,,,,
2020-05-13,2020-Q2,6.6,,,,
2020-05-14,2020-Q2,6.5,,,,
2020-05-15,2020-Q2,6.2,,,,
2020-05-18,2020-Q2,6.15,,,,
2020-05-19,2020-Q2,6.0,,,,
2020-05-20,2020-Q2,6.0,,,,
2020-05-21,2020-Q2,5.7,,,,
2020-05-22,2020-Q2,5.6,,,,
2020-05-25,2020-Q2,5.6,,,,
2020-05-26,2020-Q2,5.55,,,,
2020-05-27,2020-Q2,5.55,,,,
2020-05-28,2020-Q2,5.75,,,,
2020-05-29,2020-Q2,6.0,,,,
2020-06-01,2020-Q2,6.3,,,,
2020-06-02,2020-Q2,6.6,,,,
2020-06-03,2020-Q2,6.3,,,,
2020-06-04,2020-Q2,6.3,,,,
2020-06-05,2020-Q2,6.3,,,,
2020-06-08,2020-Q2,6.5,,,,
2020-06-09,2020-Q2,6.5,,,,
2020-06-10,2020-Q2,6.5,,,,
2020-06-11,2020-Q2,6.25,,,,
2020-06-12,2020-Q2,6.5,,,,
2020-06-15,2020-Q2,6.75,,,,
2020-06-16,2020-Q2,6.7,,,,
2020-06-17,2020-Q2,6.55,,,,
2020-06-18,2020-Q2,6.55,,,,
2020-06-19,2020-Q2,6.45,,,,
2020-06-22,2020-Q2,6.5,,,,
2020-06-23,2020-Q2,6.8,,,,
2020-06-24,2020-Q2,7.1,,,,
2020-06-25,2020-Q2,7.45,,,,
2020-06-26,2020-Q2,7.8,,,,
2020-06-29,2020-Q2,8.15,,,,
2020-06-30,2020-Q2,8.55,,,,
2020-07-01,2020-Q3,8.95,,,,
2020-07-02,2020-Q3,9.35,,,,
2020-07-03,2020-Q3,9.8,,,,
2020-07-06,2020-Q3,10.25,,,,
2020-07-07,2020-Q3,10.75,,,,
2020-07-08,2020-Q3,10.25,,,,
2020-07-09,2020-Q3,9.75,,,,
2020-07-10,2020-Q3,9.3,,,,
2020-07-13,2020-Q3,8.85,,,,
2020-07-14,2020-Q3,8.45,,,,
2020-07-15,2020-Q3,8.25,,,,
2020-07-16,2020-Q3,8.3,,,,
2020-07-17,2020-Q3,8.6,,,,
2020-07-20,2020-Q3,8.7,,,,
2020-07-21,2020-Q3,8.3,,,,
2020-07-22,2020-Q3,8.05,,,,
2020-07-23,2020-Q3,8.05,,,,
2020-07-24,2020-Q3,8.05,,,,
2020-07-27,2020-Q3,8.3,,,,
2020-07-28,2020-Q3,8.2,,,,
2020-07-29,2020-Q3,8.5,,,,
2020-07-30,2020-Q3,8.9,,,,
2020-07-31,2020-Q3,9.3,,,,
2020-08-03,2020-Q3,9.75,,,,
2020-08-04,2020-Q3,10.2,,,,
2020-08-05,2020-Q3,10.45,,,,
2020-08-06,2020-Q3,10.45,,,,
2020-08-07,2020-Q3,10.95,,,,
2020-08-10,2020-Q3,11.45,,,,
2020-08-11,2020-Q3,12.0,,,,
2020-08-12,2020-Q3,12.6,,,,
2020-08-13,2020-Q3,13.2,,,,
2020-08-14,2020-Q3,13.3,,,,
2020-08-17,2020-Q3,13.95,,,,
2020-08-18,2020-Q3,14.6,,,,
2020-08-19,2020-Q3,15.3,,,,
2020-08-20,2020-Q3,16.05,,,,
2020-08-21,2020-Q3,16.85,,,,
2020-08-24,2020-Q3,17.65,,,,
2020-08-25,2020-Q3,18.5,,,,
2020-08-26,2020-Q3,19.4,,,,
2020-08-27,2020-Q3,20.35,,,,
2020-08-28,2020-Q3,21.35,,,,
2020-08-31,2020-Q3,22.4,,,,
2020-09-01,2020-Q3,21.3,,,,
2020-09-02,2020-Q3,22.35,,,,
2020-09-03,2020-Q3,23.45,,,,
2020-09-04,2020-Q3,24.6,,,,
2020-09-07,2020-Q3,24.35,,,,
2020-09-08,2020-Q3,23.15,,,,
2020-09-09,2020-Q3,22.0,,,,
2020-09-10,2020-Q3,23.1,,,,
2020-09-11,2020-Q3,23.15,,,,
2020-09-14,2020-Q3,24.3,,,,
2020-09-15,2020-Q3,25.5,,,,
2020-09-16,2020-Q3,25.3,,,,
2020-09-17,2020-Q3,25.45,,,,
2020-09-18,2020-Q3,25.35,,,,
2020-09-21,2020-Q3,24.1,,,,
2020-09-22,2020-Q3,22.9,,,,
2020-09-23,2020-Q3,22.8,,,,
2020-09-24,2020-Q3,21.7,,,,
2020-09-25,2020-Q3,21.75,,,,
2020-09-28,2020-Q3,21.9,,,,
2020-09-29,2020-Q3,22.95,,,,
2020-09-30,2020-Q3,23.95,,,,
2020-10-01,2020-Q4,24.55,,,,
2020-10-02,2020-Q4,24.55,,,,
2020-10-05,2020-Q4,25.7,,,,
2020-10-06,2020-Q4,25.35,,,,
2020-10-07,2020-Q4,24.35,,,,
2020-10-08,2020-Q4,23.45,,,,
2020-10-09,2020-Q4,24.15,,,,
2020-10-12,2020-Q4,23.7,,,,
2020-10-13,2020-Q4,23.5,,,,
2020-10-14,2020-Q4,23.9,,,,
2020-10-15,2020-Q4,23.2,,,,
2020-10-16,2020-Q4,22.95,,,,
2020-10-19,2020-Q4,22.8,,,,
2020-10-20,2020-Q4,23.9,,,,
2020-10-21,2020-Q4,25.05,,,,
2020-10-22,2020-Q4,25.5,,,,
2020-10-23,2020-Q4,25.95,,,,
2020-10-26,2020-Q4,26.95,,,,
2020-10-27,2020-Q4,27.2,,,,
2020-10-28,2020-Q4,28.55,,,,
2020-10-29,2020-Q4,29.95,,,,
2020-10-30,2020-Q4,31.4,,,,
2020-11-02,2020-Q4,30.35,,,,
2020-11-03,2020-Q4,30.6,,,,
2020-11-04,2020-Q4,30.55,,,,
2020-11-05,2020-Q4,30.55,,,,
2020-11-06,2020-Q4,31.9,,,,
2020-11-09,2020-Q4,32.0,,,,
2020-11-10,2020-Q4,31.7,,,,
2020-11-11,2020-Q4,33.2,,,,
2020-11-12,2020-Q4,34.85,,,,
2020-11-13,2020-Q4,36.55,,,,
2020-11-14,2020-Q4,38.25,,,,
2020-11-16,2020-Q4,38.25,,,,
2020-11-17,2020-Q4,37.9,,,,
2020-11-18,2020-Q4,36.8,,,,
2020-11-19,2020-Q4,35.3,,,,
2020-11-20,2020-Q4,34.3,,,,
2020-11-23,2020-Q4,36.0,,,,
2020-11-24,2020-Q4,37.8,,,,
2020-11-25,2020-Q4,39.6,,,,
2020-11-26,2020-Q4,39.25,,,,
2020-11-27,2020-Q4,41.2,,,,
2020-11-30,2020-Q4,41.2,,,,
2020-12-01,2020-Q4,43.25,10.081585081585082,,,
2020-12-02,2020-Q4,45.4,10.582750582750585,,,
2020-12-03,2020-Q4,47.65,11.107226107226106,,,
2020-12-04,2020-Q4,50.0,11.655011655011656,,,
2020-12-07,2020-Q4,51.35,11.96969696969697,,,
2020-12-08,2020-Q4,48.8,11.375291375291374,,,
2020-12-09,2020-Q4,46.4,10.815850815850816,,,
2020-12-10,2020-Q4,44.1,10.27972027972028,,,
2020-12-11,2020-Q4,44.6,10.396270396270396,,,
2020-12-14,2020-Q4,42.4,9.883449883449885,,,
2020-12-15,2020-Q4,41.05,9.568764568764568,,,
2020-12-16,2020-Q4,43.1,10.046620046620047,,,
2020-12-17,2020-Q4,42.85,9.988344988344988,,,
2020-12-18,2020-Q4,42.05,9.8018648018648,,,
2020-12-21,2020-Q4,39.95,9.312354312354312,,,
2020-12-22,2020-Q4,39.1,9.114219114219114,,,
2020-12-23,2020-Q4,41.05,9.568764568764568,,,
2020-12-24,2020-Q4,43.1,10.046620046620047,,,
2020-12-25,2020-Q4,43.1,10.046620046620047,,,
2020-12-28,2020-Q4,45.25,10.547785547785548,,,
2020-12-29,2020-Q4,45.05,10.5011655011655,,,
2020-12-30,2020-Q4,45.7,10.652680652680653,,,
2020-12-31,2020-Q4,44.85,10.454545454545457,,,
2021-01-01,2021-Q1,44.65,10.407925407925408,,,
2021-01-04,2021-Q1,44.0,10.256410256410255,,,
2021-01-05,2021-Q1,44.1,10.27972027972028,,,
2021-01-06,2021-Q1,43.25,10.081585081585082,,,
2021-01-07,2021-Q1,43.1,10.046620046620047,,,
2021-01-08,2021-Q1,42.85,9.988344988344988,,,
2021-01-11,2021-Q1,41.3,9.627039627039624,,,
2021-01-12,2021-Q1,41.65,9.708624708624708,,,
2021-01-13,2021-Q1,41.1,9.58041958041958,,,
2021-01-14,2021-Q1,43.15,10.058275058275058,,,
2021-01-15,2021-Q1,43.65,10.174825174825177,,,
2021-01-18,2021-Q1,42.0,9.79020979020979,,,
2021-01-19,2021-Q1,41.4,9.65034965034965,,,
2021-01-20,2021-Q1,43.15,10.058275058275058,,,
2021-01-21,2021-Q1,41.75,9.731934731934732,,,
2021-01-22,2021-Q1,39.7,9.254079254079254,,,
2021-01-25,2021-Q1,39.75,9.265734265734263,,,
2021-01-26,2021-Q1,39.75,9.265734265734263,,,
2021-01-27,2021-Q1,39.3,9.16083916083916,,,
2021-01-28,2021-Q1,39.7,9.254079254079254,,,
2021-01-29,2021-Q1,39.75,9.265734265734263,,,
2021-02-01,2021-Q1,40.45,9.42890442890443,,,
2021-02-02,2021-Q1,41.0,9.557109557109555,,,
2021-02-03,2021-Q1,43.05,10.034965034965037,,,
2021-02-04,2021-Q1,43.5,10.13986013986014,,,
2021-02-05,2021-Q1,42.6,9.93006993006993,,,
2021-02-08,2021-Q1,44.7,10.41958041958042,,,
2021-02-09,2021-Q1,46.9,10.932400932400933,,,
2021-02-10,2021-Q1,45.25,10.547785547785548,,,
2021-02-11,2021-Q1,46.0,10.722610722610725,,,
2021-02-12,2021-Q1,44.5,10.372960372960373,,,
2021-02-15,2021-Q1,45.7,10.652680652680653,,,
2021-02-16,2021-Q1,46.65,10.874125874125872,,,
2021-02-17,2021-Q1,47.7,11.11888111888112,,,
2021-02-18,2021-Q1,50.05,11.666666666666666,,,
2021-02-19,2021-Q1,52.1,12.144522144522146,,,
2021-02-22,2021-Q1,54.7,12.750582750582751,,,
2021-02-23,2021-Q1,57.35,13.368298368298367,,,
2021-02-24,2021-Q1,54.8,12.773892773892774,,,
2021-02-25,2021-Q1,56.45,13.15850815850816,,,
2021-02-26,2021-Q1,56.45,13.15850815850816,,,
2021-03-01,2021-Q1,56.85,8.952755905511811,,,
2021-03-02,2021-Q1,57.5,9.05511811023622,,,
2021-03-03,2021-Q1,60.3,9.496062992125983,,,
2021-03-04,2021-Q1,63.3,9.968503937007874,,,
2021-03-05,2021-Q1,61.7,9.716535433070868,,,
2021-03-08,2021-Q1,62.15,9.78740157480315,,,
2021-03-09,2021-Q1,61.85,9.74015748031496,,,
2021-03-10,2021-Q1,61.5,9.68503937007874,,,
2021-03-11,2021-Q1,61.5,9.68503937007874,,,
2021-03-12,2021-Q1,61.6,9.700787401574804,,,
2021-03-15,2021-Q1,60.3,9.496062992125983,,,
2021-03-16,2021-Q1,62.95,9.913385826771654,,,
2021-03-17,2021-Q1,60.2,9.480314960629922,,,
2021-03-18,2021-Q1,57.55,9.062992125984252,,,
2021-03-19,2021-Q1,58.95,9.283464566929135,,,
2021-03-22,2021-Q1,61.85,9.74015748031496,,,
2021-03-23,2021-Q1,64.9,10.220472440944883,,,
2021-03-24,2021-Q1,68.0,10.708661417322835,,,
2021-03-25,2021-Q1,67.1,10.566929133858268,,,
2021-03-26,2021-Q1,67.9,10.692913385826774,,,
2021-03-29,2021-Q1,67.9,10.692913385826774,,,
2021-03-30,2021-Q1,66.3,10.440944881889765,,,
2021-03-31,2021-Q1,66.9,10.535433070866144,,,
2021-04-01,2021-Q2,68.75,10.826771653543307,,,
2021-04-02,2021-Q2,68.75,10.826771653543307,,,
2021-04-05,2021-Q2,66.45,10.46456692913386,10.058275058275058,,
2021-04-06,2021-Q2,69.75,10.984251968503935,10.058275058275058,,
2021-04-07,2021-Q2,73.2,11.527559055118113,10.058275058275058,,
2021-04-08,2021-Q2,76.85,12.10236220472441,10.058275058275058,,
2021-04-09,2021-Q2,78.55,12.37007874015748,10.058275058275058,,
2021-04-12,2021-Q2,74.65,11.755905511811026,10.058275058275058,,
2021-04-13,2021-Q2,70.95,11.173228346456694,10.058275058275058,,
2021-04-14,2021-Q2,70.95,11.173228346456694,10.058275058275058,,
2021-04-15,2021-Q2,69.2,10.89763779527559,10.058275058275058,,
2021-04-16,2021-Q2,71.8,11.307086614173228,10.058275058275058,,
2021-04-19,2021-Q2,68.3,10.755905511811024,10.06993006993007,,
2021-04-20,2021-Q2,67.7,10.661417322834646,10.110722610722611,,
2021-04-21,2021-Q2,67.7,10.661417322834646,10.157342657342658,,
2021-04-22,2021-Q2,66.25,10.433070866141732,10.197648807885033,,
2021-04-23,2021-Q2,67.8,10.67716535433071,10.238441348677568,,
2021-04-26,2021-Q2,67.7,10.661417322834646,10.268065268065268,,
2021-04-27,2021-Q2,68.85,10.84251968503937,10.326340326340326,,
2021-04-28,2021-Q2,69.95,11.015748031496065,10.390442890442891,,
2021-04-29,2021-Q2,70.2,11.055118110236222,10.413752913752914,,
2021-04-30,2021-Q2,69.6,10.960629921259844,10.426325642861077,,
2021-05-03,2021-Q2,73.05,11.503937007874017,10.426325642861077,,
2021-05-04,2021-Q2,76.55,12.05511811023622,10.426325642861077,,
2021-05-05,2021-Q2,80.35,12.653543307086617,10.426325642861077,,
2021-05-06,2021-Q2,84.35,13.283464566929132,10.426325642861077,,
2021-05-07,2021-Q2,88.45,13.929133858267718,10.437007874015748,,
2021-05-10,2021-Q2,84.7,13.338582677165356,10.452755905511813,,
2021-05-11,2021-Q2,85.5,13.46456692913386,10.500000000000002,,
2021-05-12,2021-Q2,83.75,13.188976377952756,10.541609309325846,,
2021-05-13,2021-Q2,83.75,13.188976377952756,10.557357340821907,,
2021-05-14,2021-Q2,86.0,13.543307086614174,10.60980489326946,,
2021-05-17,2021-Q2,84.9,13.37007874015748,10.65704898775765,,
2021-05-18,2021-Q2,86.55,13.62992125984252,10.661417322834646,,
2021-05-19,2021-Q2,87.3,13.748031496062993,10.661417322834646,,
2021-05-20,2021-Q2,87.8,13.826771653543307,10.669291338582678,,
2021-05-21,2021-Q2,88.15,13.88188976377953,10.68503937007874,,
2021-05-24,2021-Q2,88.7,13.968503937007876,10.692913385826774,,
2021-05-25,2021-Q2,87.3,13.748031496062993,10.700787401574804,,
2021-05-26,2021-Q2,85.25,13.425196850393702,10.71563606996678,,
2021-05-27,2021-Q2,88.65,13.960629921259844,10.739258117210872,,
2021-05-28,2021-Q2,87.75,13.818897637795276,10.791338582677168,,
2021-05-31,2021-Q2,85.6,13.48031496062992,10.826771653543307,,
2021-06-01,2021-Q2,83.95,220.92105263157896,10.83464566929134,,
2021-06-02,2021-Q2,84.8,223.15789473684208,10.858322779582622,,
2021-06-03,2021-Q2,85.25,224.3421052631579,10.885881834700731,,
2021-06-04,2021-Q2,84.55,222.5,10.915019363838262,,
2021-06-07,2021-Q2,84.95,223.55263157894737,10.946515426830388,,
2021-06-08,2021-Q2,83.15,218.81578947368425,10.972440944881887,,
2021-06-09,2021-Q2,79.3,208.68421052631567,11.0,,
2021-06-10,2021-Q2,81.0,213.1578947368421,11.035433070866144,,
2021-06-11,2021-Q2,81.9,215.5263157894737,11.086999614558671,,
2021-06-14,2021-Q2,85.95,226.18421052631567,11.146054732668908,,
2021-06-15,2021-Q2,84.75,223.02631578947367,11.173228346456694,,
2021-06-16,2021-Q2,81.25,213.81578947368425,11.24015748031496,,
2021-06-17,2021-Q2,79.6,209.4736842105263,11.405511811023622,,
2021-06-18,2021-Q2,81.3,213.94736842105263,11.515748031496065,,
2021-06-21,2021-Q2,79.6,209.4736842105263,11.59711286089239,,
2021-06-22,2021-Q2,79.85,210.1315789473684,11.711286089238849,,
2021-06-23,2021-Q2,79.0,207.8947368421053,11.905511811023622,,
2021-06-24,2021-Q2,78.75,207.23684210526315,12.078740157480317,,
2021-06-25,2021-Q2,78.6,206.8421052631579,12.078740157480317,,
2021-06-28,2021-Q2,78.05,205.3947368421053,12.078740157480317,,
2021-06-29,2021-Q2,79.05,208.02631578947367,12.078740157480317,,
2021-06-30,2021-Q2,79.1,208.15789473684208,12.078740157480317,,
2021-07-01,2021-Q3,79.35,208.8157894736842,12.078740157480317,,
2021-07-02,2021-Q3,80.55,211.9736842105263,12.078740157480317,,
2021-07-05,2021-Q3,81.05,213.2894736842105,12.236220472440944,,
2021-07-06,2021-Q3,79.95,210.3947368421053,12.511811023622048,,
2021-07-07,2021-Q3,79.05,208.02631578947367,12.921259842519683,,
2021-07-08,2021-Q3,78.0,205.26315789473685,13.188976377952756,,
2021-07-09,2021-Q3,77.8,204.73684210526315,13.236220472440944,,
2021-07-12,2021-Q3,77.15,203.0263157894737,13.311023622047244,,
2021-07-13,2021-Q3,77.25,203.2894736842105,13.354330708661418,,
2021-07-14,2021-Q3,75.5,198.68421052631567,13.39763779527559,,
2021-07-15,2021-Q3,77.75,204.6052631578948,13.44488188976378,,
2021-07-16,2021-Q3,77.0,202.6315789473684,13.472440944881887,,
2021-07-19,2021-Q3,75.45,198.55263157894737,13.511811023622048,,
2021-07-20,2021-Q3,74.1,195.0,13.586614173228348,,
2021-07-21,2021-Q3,74.1,195.0,13.688976377952756,,
2021-07-22,2021-Q3,77.6,204.21052631578945,13.748031496062993,,
2021-07-23,2021-Q3,76.95,202.5,13.783464566929132,,
2021-07-26,2021-Q3,76.4,201.05263157894737,13.822834645669293,,
2021-07-27,2021-Q3,77.05,202.7631578947368,13.854330708661418,,
2021-07-28,2021-Q3,79.3,208.68421052631567,13.905511811023624,,
2021-07-29,2021-Q3,78.9,207.63157894736844,13.94488188976378,,
2021-07-30,2021-Q3,78.4,206.31578947368425,13.96456692913386,,
2021-08-02,2021-Q3,79.1,208.15789473684208,104.48425196850394,,
2021-08-03,2021-Q3,83.05,218.55263157894737,195.0,,
2021-08-04,2021-Q3,87.2,229.4736842105264,196.7763157894737,,
2021-08-05,2021-Q3,86.0,226.31578947368425,198.6184210526316,,
2021-08-06,2021-Q3,85.8,225.7894736842105,199.8684210526316,,
2021-08-09,2021-Q3,82.0,215.7894736842105,201.7763157894737,11.081172108731163,
2021-08-10,2021-Q3,77.9,205.0,202.56578947368425,11.113053613053612,
2021-08-11,2021-Q3,75.5,198.68421052631567,202.56578947368425,11.146054732668908,
2021-08-12,2021-Q3,79.25,208.55263157894737,202.6973684210526,11.173228346456694,
2021-08-13,2021-Q3,80.05,210.65789473684208,202.8947368421053,11.173228346456694,
2021-08-16,2021-Q3,80.7,212.3684210526316,203.15789473684208,11.173228346456694,
2021-08-17,2021-Q3,82.2,216.31578947368425,203.75,11.173228346456694,
2021-08-18,2021-Q3,81.8,215.2631578947368,204.4078947368421,11.24015748031496,
2021-08-19,2021-Q3,81.8,215.2631578947368,204.67105263157896,11.405511811023622,
2021-08-20,2021-Q3,80.95,213.0263157894737,204.8684210526316,11.515748031496065,
2021-08-23,2021-Q3,83.5,219.73684210526315,205.13157894736844,11.59711286089239,
2021-08-24,2021-Q3,83.45,219.6052631578948,205.32894736842107,11.711286089238849,
2021-08-25,2021-Q3,84.3,221.8421052631579,205.8552631578948,11.905511811023622,
2021-08-26,2021-Q3,83.7,220.26315789473685,206.57894736842107,12.078740157480317,
2021-08-27,2021-Q3,84.05,221.18421052631567,207.0394736842105,12.123442174623278,
2021-08-30,2021-Q3,85.25,224.3421052631579,207.43421052631567,12.257300442339812,
2021-08-31,2021-Q3,85.9,226.05263157894737,207.76315789473688,12.511811023622048,
2021-09-01,2021-Q3,85.8,107.25,207.76315789473688,12.702063028834685,
2021-09-02,2021-Q3,90.05,112.5625,207.76315789473688,12.762237762237763,
2021-09-03,2021-Q3,91.45,114.3125,207.76315789473688,12.966200466200467,
2021-09-06,2021-Q3,89.3,111.625,207.76315789473688,13.15850815850816,
2021-09-07,2021-Q3,92.8,116.0,207.76315789473688,13.17374226823046,
2021-09-08,2021-Q3,91.75,114.6875,207.76315789473688,13.188976377952756,
2021-09-09,2021-Q3,90.75,113.4375,207.76315789473688,13.236220472440944,
2021-09-10,2021-Q3,90.75,113.4375,207.76315789473688,13.311023622047244,
2021-09-13,2021-Q3,89.3,111.625,207.76315789473688,13.353440522731862,
2021-09-14,2021-Q3,89.5,111.875,207.76315789473688,13.369188554227923,
2021-09-15,2021-Q3,89.0,111.25,207.76315789473688,13.39763779527559,
2021-09-16,2021-Q3,89.0,111.25,207.76315789473688,13.44488188976378,
2021-09-17,2021-Q3,92.1,115.125,207.76315789473688,13.472440944881887,
2021-09-20,2021-Q3,91.95,114.9375,207.76315789473688,13.511811023622048,
2021-09-21,2021-Q3,96.5,120.625,207.76315789473688,13.586614173228348,
2021-09-22,2021-Q3,101.3,126.625,207.76315789473688,13.688976377952756,
2021-09-23,2021-Q3,106.35,132.93749999999997,207.76315789473688,13.748031496062993,
2021-09-24,2021-Q3,111.5,139.375,207.76315789473688,13.783464566929132,
2021-09-27,2021-Q3,107.8,134.75,207.76315789473688,13.822834645669293,
2021-09-28,2021-Q3,111.55,139.4375,207.76315789473688,13.854330708661418,
2021-09-29,2021-Q3,117.1,146.37499999999997,207.76315789473688,13.905511811023624,
2021-09-30,2021-Q3,122.95,153.6875,207.76315789473688,13.94488188976378,
2021-10-01,2021-Q4,124.25,155.3125,207.76315789473688,13.96456692913386,
2021-10-04,2021-Q4,126.55,158.1875,207.76315789473688,60.60925196850394,
2021-10-05,2021-Q4,120.55,150.6875,207.43421052631567,109.25,
2021-10-06,2021-Q4,114.75,143.4375,207.0394736842105,111.25,
2021-10-07,2021-Q4,116.8,146.0,206.57894736842107,111.4375,
2021-10-08,2021-Q4,114.95,143.6875,205.8552631578948,111.625,
2021-10-11,2021-Q4,119.65,149.5625,205.32894736842107,111.75,
2021-10-12,2021-Q4,116.9,146.125,205.13157894736844,112.21875,
2021-10-13,2021-Q4,115.25,144.0625,204.8684210526316,113.0,
2021-10-14,2021-Q4,118.25,147.8125,204.67105263157896,113.4375,
2021-10-15,2021-Q4,118.25,147.8125,204.4078947368421,113.875,
2021-10-18,2021-Q4,124.15,155.1875,203.75,114.5,
2021-10-19,2021-Q4,130.35,162.93749999999997,203.15789473684208,114.8125,
2021-10-20,2021-Q4,136.85,171.06249999999997,202.8947368421053,115.03125,
2021-10-21,2021-Q4,137.9,172.375,202.6973684210526,115.5625,
2021-10-22,2021-Q4,143.85,179.81249999999997,202.56578947368425,118.3125,
2021-10-25,2021-Q4,143.65,179.5625,201.7763157894737,123.625,
2021-10-26,2021-Q4,150.8,188.5,199.8684210526316,129.78125,
2021-10-27,2021-Q4,158.25,197.8125,198.68421052631567,133.84375,
2021-10-28,2021-Q4,150.4,188.0,198.6184210526316,137.0625,
2021-10-29,2021-Q4,146.3,182.875,198.1825657894737,139.40625,
2021-11-01,2021-Q4,148.95,186.1875,196.40625,141.4375,
2021-11-02,2021-Q4,155.7,194.625,195.0,143.5625,
2021-11-03,2021-Q4,163.0,203.75,195.0,143.875,
2021-11-04,2021-Q4,164.75,205.9375,195.0,145.03125,
2021-11-05,2021-Q4,164.75,205.9375,195.0,146.0625,
2021-11-08,2021-Q4,162.7,203.375,195.0,146.25,
2021-11-09,2021-Q4,157.0,196.25,195.0,147.09375,
2021-11-10,2021-Q4,155.9,194.875,194.9375,147.8125,
2021-11-11,2021-Q4,153.65,192.0625,194.75,148.6875,
2021-11-12,2021-Q4,159.95,199.9375,194.75,150.125,
2021-11-15,2021-Q4,156.7,195.875,194.75,152.1875,
2021-11-16,2021-Q4,156.7,195.875,194.75,154.4375,
2021-11-17,2021-Q4,156.2,195.25,194.75,155.25,
2021-11-18,2021-Q4,153.85,192.3125,193.46875,156.75,
2021-11-19,2021-Q4,153.85,192.3125,192.3125,160.5625,
2021-11-22,2021-Q4,153.45,191.8125,192.1875,166.99999999999997,
2021-11-23,2021-Q4,155.0,193.75,192.1875,171.71875,
2021-11-24,2021-Q4,155.45,194.3125,192.1875,175.96875,
2021-11-25,2021-Q4,154.6,193.25,192.1875,179.6875,
2021-11-26,2021-Q4,150.3,187.875,191.9375,181.34375,
2021-11-29,2021-Q4,148.6,185.75,190.15625,184.3125,
2021-11-30,2021-Q4,149.15,186.4375,188.25,185.96875,
2021-12-01,2021-Q4,150.8,56.69172932330827,187.9375,185.96875,
2021-12-02,2021-Q4,157.1,59.06015037593984,187.15625,185.96875,
2021-12-03,2021-Q4,156.2,58.72180451127819,186.3125,185.96875,
2021-12-06,2021-Q4,152.1,57.180451127819545,185.96875,185.96875,
2021-12-07,2021-Q4,154.3,58.007518796992485,184.3125,185.96875,
2021-12-08,2021-Q4,154.95,58.251879699248114,181.34375,185.96875,
2021-12-09,2021-Q4,157.3,59.13533834586466,179.6875,185.96875,
2021-12-10,2021-Q4,165.1,62.06766917293233,175.96875,185.96875,
2021-12-13,2021-Q4,173.35,65.16917293233082,171.71875,185.96875,
2021-12-14,2021-Q4,182.0,68.42105263157895,166.99999999999997,185.96875,
2021-12-15,2021-Q4,184.9,69.51127819548871,160.5625,185.96875,
2021-12-16,2021-Q4,180.15,67.72556390977444,156.75,185.96875,
2021-12-17,2021-Q4,173.0,65.0375939849624,155.25,185.96875,
2021-12-20,2021-Q4,166.35,62.5375939849624,154.4375,185.96875,
2021-12-21,2021-Q4,174.6,65.6390977443609,152.1875,185.96875,
2021-12-22,2021-Q4,176.6,66.39097744360902,150.125,185.96875,
2021-12-23,2021-Q4,178.8,67.21804511278195,148.6875,185.96875,
2021-12-24,2021-Q4,178.25,67.01127819548871,147.8125,185.96875,
2021-12-27,2021-Q4,187.15,70.35714285714286,147.09375,185.96875,
2021-12-28,2021-Q4,189.2,71.12781954887217,146.25,185.96875,
2021-12-29,2021-Q4,194.45,73.10150375939848,146.0625,185.96875,
2021-12-30,2021-Q4,194.9,73.27067669172932,145.03125,185.96875,
2021-12-31,2021-Q4,194.55,73.1390977443609,143.875,185.96875,
2022-01-03,2022-Q1,196.1,73.7218045112782,143.5625,185.96875,
2022-01-04,2022-Q1,204.6,76.9172932330827,141.4375,185.96875,
2022-01-05,2022-Q1,202.75,76.2218045112782,141.4375,185.96875,
2022-01-06,2022-Q1,197.9,74.3984962406015,141.4375,185.96875,
2022-01-07,2022-Q1,199.35,74.94360902255639,141.4375,185.96875,
2022-01-10,2022-Q1,196.15,73.7406015037594,141.4375,185.96875,
2022-01-11,2022-Q1,192.3,72.29323308270676,141.4375,185.96875,
2022-01-12,2022-Q1,187.65,70.54511278195488,141.4375,185.96875,
2022-01-13,2022-Q1,185.75,69.83082706766918,141.4375,185.96875,
2022-01-14,2022-Q1,187.85,70.6203007518797,141.4375,185.96875,
2022-01-17,2022-Q1,185.75,69.83082706766918,141.4375,185.96875,
2022-01-18,2022-Q1,181.4,68.19548872180451,141.4375,185.96875,
2022-01-19,2022-Q1,180.6,67.89473684210526,141.4375,185.96875,
2022-01-20,2022-Q1,178.9,67.25563909774436,141.4375,185.96875,
2022-01-21,2022-Q1,176.85,66.48496240601503,141.4375,185.96875,
2022-01-24,2022-Q1,172.9,65.0,141.4375,185.96875,
2022-01-25,2022-Q1,181.5,68.23308270676691,141.4375,185.96875,
2022-01-26,2022-Q1,181.5,68.23308270676691,141.4375,185.96875,
2022-01-27,2022-Q1,184.8,69.47368421052632,141.4375,185.96875,
2022-01-28,2022-Q1,180.75,67.95112781954887,141.4375,185.96875,
2022-01-31,2022-Q1,174.55,65.6203007518797,141.4375,185.96875,
2022-02-01,2022-Q1,173.95,65.39473684210526,110.17739661654136,185.96875,
2022-02-02,2022-Q1,175.75,66.07142857142857,76.56954887218045,185.96875,
2022-02-03,2022-Q1,182.55,68.62781954887218,75.58270676691728,185.96875,
2022-02-04,2022-Q1,185.6,69.77443609022556,74.67105263157895,185.96875,
2022-02-07,2022-Q1,179.75,67.57518796992481,74.06954887218045,185.96875,
2022-02-08,2022-Q1,172.9,65.0,73.73120300751879,184.3125,
2022-02-09,2022-Q1,172.15,64.71804511278195,73.49624060150376,181.34375,
2022-02-10,2022-Q1,172.8,64.9624060150376,73.20488721804512,179.6875,
2022-02-11,2022-Q1,171.65,64.53007518796993,73.12030075187968,175.96875,
2022-02-14,2022-Q1,166.5,62.59398496240601,72.69736842105263,171.71875,
2022-02-15,2022-Q1,168.5,63.34586466165413,71.71052631578947,166.99999999999997,
2022-02-16,2022-Q1,166.8,62.70676691729324,70.87406015037593,160.5625,
2022-02-17,2022-Q1,173.35,65.16917293233082,70.58270676691728,156.75,
2022-02-18,2022-Q1,177.15,66.59774436090225,70.45112781954887,155.25,
2022-02-21,2022-Q1,170.3,64.02255639097744,70.09398496240601,154.4375,
2022-02-22,2022-Q1,169.25,63.627819548872175,69.83082706766918,152.1875,
2022-02-23,2022-Q1,174.75,65.69548872180451,69.80263157894737,150.125,
2022-02-24,2022-Q1,166.05,62.42481203007519,69.64285714285714,148.6875,
2022-02-25,2022-Q1,169.2,63.60902255639097,69.49248120300751,147.8125,
2022-02-28,2022-Q1,171.25,64.3796992481203,69.05075187969925,147.09375,
2022-03-01,2022-Q1,171.25,219.55128205128204,69.05075187969925,147.09375,
2022-03-02,2022-Q1,169.7,217.5641025641025,69.05075187969925,147.09375,
2022-03-03,2022-Q1,170.35,218.39743589743588,69.05075187969925,147.09375,
2022-03-04,2022-Q1,169.8,217.6923076923077,69.05075187969925,147.09375,
2022-03-07,2022-Q1,161.35,206.8589743589744,69.05075187969925,147.09375,
2022-03-08,2022-Q1,161.45,206.98717948717947,69.05075187969925,147.09375,
2022-03-09,2022-Q1,169.5,217.3076923076923,69.05075187969925,147.09375,
2022-03-10,2022-Q1,167.65,214.93589743589743,69.05075187969925,147.09375,
2022-03-11,2022-Q1,171.4,219.74358974358967,69.05075187969925,147.09375,
2022-03-14,2022-Q1,170.75,218.9102564102564,69.05075187969925,147.09375,
2022-03-15,2022-Q1,169.8,217.6923076923077,69.05075187969925,147.09375,
2022-03-16,2022-Q1,168.5,216.02564102564105,69.05075187969925,147.09375,
2022-03-17,2022-Q1,168.1,215.5128205128205,69.05075187969925,147.09375,
2022-03-18,2022-Q1,168.1,215.5128205128205,69.05075187969925,147.09375,
2022-03-21,2022-Q1,170.8,218.9743589743589,69.05075187969925,147.09375,
2022-03-22,2022-Q1,174.75,224.03846153846152,69.05075187969925,147.09375,
2022-03-23,2022-Q1,178.5,228.84615384615384,69.05075187969925,147.09375,
2022-03-24,2022-Q1,183.4,235.1282051282052,69.05075187969925,147.09375,
2022-03-25,2022-Q1,184.5,236.53846153846152,69.05075187969925,147.09375,
2022-03-28,2022-Q1,178.3,228.5897435897436,69.05075187969925,147.09375,
2022-03-29,2022-Q1,181.65,232.8846153846154,69.05075187969925,147.09375,
2022-03-30,2022-Q1,190.05,243.65384615384616,69.05075187969925,147.09375,
2022-03-31,2022-Q1,189.45,242.88461538461536,69.05075187969925,147.09375,
2022-04-01,2022-Q2,188.35,241.4743589743589,69.05075187969925,147.09375,
2022-04-04,2022-Q2,186.5,239.1025641025641,69.05075187969925,147.09375,
2022-04-05,2022-Q2,195.8,251.02564102564105,69.05075187969925,147.09375,
2022-04-06,2022-Q2,199.5,255.7692307692308,69.49248120300751,147.09375,
2022-04-07,2022-Q2,211.9,271.6666666666667,69.64285714285714,147.09375,
2022-04-08,2022-Q2,212.3,272.1794871794872,69.80263157894737,147.09375,
2022-04-11,2022-Q2,206.65,264.93589743589746,69.83082706766918,147.09375,
2022-04-12,2022-Q2,202.95,260.1923076923077,70.09398496240601,147.09375,
2022-04-13,2022-Q2,200.35,256.8589743589744,70.45112781954887,147.09375,
2022-04-14,2022-Q2,200.35,256.8589743589744,70.58270676691728,147.09375,
2022-04-15,2022-Q2,200.35,256.8589743589744,70.87406015037593,147.09375,
2022-04-18,2022-Q2,198.85,254.93589743589743,71.71052631578947,147.09375,
2022-04-19,2022-Q2,194.6,249.48717948717947,72.69736842105263,147.09375,
2022-04-20,2022-Q2,195.95,251.2179487179487,73.12030075187968,147.09375,
2022-04-21,2022-Q2,194.3,249.1025641025641,73.20488721804512,147.09375,
2022-04-22,2022-Q2,193.1,247.5641025641025,73.49624060150376,147.09375,
2022-04-25,2022-Q2,187.2,240.0,73.73120300751879,147.09375,70.6203007518797
2022-04-26,2022-Q2,199.15,255.3205128205128,74.06954887218045,147.09375,71.12781954887217
2022-04-27,2022-Q2,196.9,252.43589743589743,74.67105263157895,147.09375,72.29323308270676
2022-04-28,2022-Q2,197.0,252.56410256410257,75.58270676691728,147.09375,73.10150375939848
2022-04-29,2022-Q2,197.9,253.7179487179488,76.56954887218045,147.09375,73.1390977443609
2022-05-02,2022-Q2,192.6,246.9230769230769,141.88813379602854,147.09375,73.27067669172932
2022-05-03,2022-Q2,192.6,246.9230769230769,206.92307692307693,147.09375,73.7218045112782
2022-05-04,2022-Q2,180.5,231.4102564102564,210.96153846153845,147.09375,73.7406015037594
2022-05-05,2022-Q2,175.15,224.55128205128204,215.2243589743589,147.09375,74.3984962406015
2022-05-06,2022-Q2,170.3,218.3333333333333,215.5128205128205,147.09375,74.94360902255639
2022-05-09,2022-Q2,163.55,209.6794871794872,215.5128205128205,147.09375,76.2218045112782
2022-05-10,2022-Q2,159.6,204.6153846153846,215.5128205128205,147.09375,76.9172932330827
2022-05-11,2022-Q2,170.3,218.3333333333333,215.7692307692308,147.8125,107.25
2022-05-12,2022-Q2,165.75,212.5,215.7692307692308,148.6875,111.25
2022-05-13,2022-Q2,166.4,213.3333333333333,215.7692307692308,150.125,111.25
2022-05-16,2022-Q2,167.4,214.6153846153846,215.7692307692308,152.1875,111.625
2022-05-17,2022-Q2,168.3,215.7692307692308,215.8974358974359,154.4375,111.625
2022-05-18,2022-Q2,176.55,226.34615384615384,216.66666666666669,155.25,111.875
2022-05-19,2022-Q2,171.75,220.19230769230768,217.4358974358974,156.75,112.5625
2022-05-20,2022-Q2,172.2,220.7692307692308,217.6282051282051,160.5625,113.4375
2022-05-23,2022-Q2,176.2,225.89743589743588,217.6923076923077,166.99999999999997,113.4375
2022-05-24,2022-Q2,171.75,220.19230769230768,218.0128205128205,171.71875,114.3125
2022-05-25,2022-Q2,165.85,212.6282051282051,218.0128205128205,175.96875,114.6875
2022-05-26,2022-Q2,167.5,214.74358974358967,218.0128205128205,179.6875,114.9375
2022-05-27,2022-Q2,169.95,217.88461538461536,218.1089743589743,181.34375,115.125
2022-05-30,2022-Q2,176.45,226.2179487179487,218.3333333333333,184.3125,116.0
2022-05-31,2022-Q2,181.95,233.2692307692308,218.36538461538456,185.96875,120.625
2022-06-01,2022-Q2,185.3,220.59523809523813,218.65384615384613,186.3125,126.625
2022-06-02,2022-Q2,184.75,219.9404761904762,218.94230769230768,187.15625,132.93749999999997
2022-06-03,2022-Q2,185.15,220.41666666666669,219.2628205128205,187.9375,134.75
2022-06-06,2022-Q2,184.35,219.4642857142857,219.50778388278388,188.25,139.375
2022-06-07,2022-Q2,181.15,215.65476190476195,219.50778388278388,190.15625,139.4375
2022-06-08,2022-Q2,178.8,212.8571428571429,219.50778388278388,191.9375,143.4375
2022-06-09,2022-Q2,176.45,210.0595238095238,219.50778388278388,192.1875,143.6875
2022-06-10,2022-Q2,172.9,205.8333333333333,219.50778388278388,192.3125,144.0625
2022-06-13,2022-Q2,167.95,199.9404761904761,219.50778388278388,192.78125,146.0
2022-06-14,2022-Q2,169.0,201.1904761904762,219.50778388278388,193.5,146.125
2022-06-15,2022-Q2,171.1,203.6904761904762,219.50778388278388,194.03125,146.37499999999997
2022-06-16,2022-Q2,166.15,197.7976190476191,219.50778388278388,194.46875,147.8125
2022-06-17,2022-Q2,166.7,198.4523809523809,219.50778388278388,194.75,147.8125
2022-06-20,2022-Q2,169.8,202.1428571428572,219.50778388278388,195.0625,149.5625
2022-06-21,2022-Q2,172.15,204.9404761904762,219.50778388278388,195.5625,150.6875
2022-06-22,2022-Q2,177.0,210.7142857142857,219.50778388278388,195.875,153.6875
2022-06-23,2022-Q2,181.4,215.95238095238096,219.50778388278388,196.0625,155.1875
2022-06-24,2022-Q2,186.2,221.66666666666663,219.64743589743583,197.02380952380955,155.3125
2022-06-27,2022-Q2,187.0,222.6190476190476,219.8420329670329,197.80505952380955,158.1875
2022-06-28,2022-Q2,191.3,227.73809523809527,220.066391941392,198.13244047619045,162.93749999999997
2022-06-29,2022-Q2,191.1,227.5,220.19230769230768,199.19494047619045,171.06249999999997
2022-06-30,2022-Q2,191.65,228.15476190476195,220.3044871794872,199.93898809523807,172.375
2022-07-01,2022-Q3,190.45,226.72619047619048,220.5059523809524,200.5654761904761,179.5625
2022-07-04,2022-Q3,186.95,222.5595238095238,220.68223443223445,201.66666666666669,179.81249999999997
2022-07-05,2022-Q3,194.2,231.1904761904761,221.2179487179488,202.7589285714286,182.875
2022-07-06,2022-Q3,199.35,237.32142857142856,222.1130952380952,203.5327380952381,185.75
2022-07-07,2022-Q3,199.2,237.1428571428572,222.5892857142857,203.7202380952381,186.1875
2022-07-08,2022-Q3,200.95,239.22619047619048,223.32875457875457,204.18269230769232,186.4375
2022-07-11,2022-Q3,206.35,245.6547619047619,224.29487179487177,204.7779304029304,187.875
2022-07-12,2022-Q3,200.45,238.6309523809524,225.2243589743589,205.3869047619048,188.0
2022-07-13,2022-Q3,201.6,240.0,226.0576923076923,205.88541666666663,188.5
2022-07-14,2022-Q3,202.25,240.77380952380955,226.28205128205127,205.88541666666663,191.8125
2022-07-15,2022-Q3,203.1,241.78571428571428,226.5361721611721,206.34615384615384,192.0625
2022-07-18,2022-Q3,203.25,241.9642857142857,227.11309523809524,206.92307692307693,192.3125
2022-07-19,2022-Q3,202.15,240.65476190476195,227.61904761904765,208.3333333333333,192.3125
2022-07-20,2022-Q3,203.3,242.02380952380955,227.9464285714286,209.86950549450552,193.25
2022-07-21,2022-Q3,221.2,263.3333333333333,228.3722527472528,210.3869047619048,193.75
2022-07-22,2022-Q3,229.3,272.9761904761905,228.7179487179488,211.60714285714283,194.3125
2022-07-25,2022-Q3,217.9,259.4047619047619,230.0183150183149,212.5641025641025,194.625
2022-07-26,2022-Q3,222.65,265.05952380952385,231.30036630036625,212.742673992674,194.875
2022-07-27,2022-Q3,220.0,261.9047619047619,232.1474358974359,213.09523809523807,195.0
2022-07-28,2022-Q3,220.25,262.20238095238096,232.1474358974359,213.9743589743589,195.0
2022-07-29,2022-Q3,224.15,266.84523809523813,232.1474358974359,214.67948717948715,195.25
2022-08-01,2022-Q3,224.75,267.5595238095238,233.0769230769231,214.8397435897436,195.875
2022-08-02,2022-Q3,224.15,266.84523809523813,235.206043956044,215.2243589743589,195.875
2022-08-03,2022-Q3,232.05,276.25,235.206043956044,215.5128205128205,196.25
2022-08-04,2022-Q3,228.6,272.1428571428572,235.206043956044,215.58379120879124,197.7976190476191
2022-08-05,2022-Q3,231.95,276.13095238095235,235.206043956044,215.7119963369964,197.8125
2022-08-08,2022-Q3,229.15,272.79761904761904,235.206043956044,215.8608058608059,198.4523809523809
2022-08-09,2022-Q3,229.15,272.79761904761904,235.206043956044,215.989010989011,198.55263157894737
2022-08-10,2022-Q3,230.5,274.4047619047619,235.206043956044,216.66666666666669,198.68421052631567
2022-08-11,2022-Q3,231.25,275.29761904761904,235.206043956044,217.4358974358974,198.68421052631567
2022-08-12,2022-Q3,235.85,280.7738095238095,235.206043956044,217.6282051282051,199.9375
2022-08-15,2022-Q3,235.85,280.7738095238095,235.206043956044,217.6923076923077,199.9404761904761
2022-08-16,2022-Q3,238.65,284.1071428571429,235.206043956044,217.78846153846155,201.05263157894737
2022-08-17,2022-Q3,241.7,287.73809523809524,235.206043956044,218.1089743589743,201.1904761904762
2022-08-18,2022-Q3,239.55,285.17857142857144,235.206043956044,218.3333333333333,202.1428571428572
2022-08-19,2022-Q3,235.3,280.11904761904765,235.206043956044,218.36538461538456,202.5
2022-08-22,2022-Q3,229.9,273.6904761904762,235.206043956044,218.65384615384613,202.6315789473684
2022-08-23,2022-Q3,230.55,274.4642857142857,235.206043956044,218.94230769230768,202.7631578947368
2022-08-24,2022-Q3,229.7,273.45238095238096,235.206043956044,219.2193223443223,203.0263157894737
2022-08-25,2022-Q3,227.75,271.1309523809524,235.206043956044,219.50778388278388,203.2894736842105
2022-08-26,2022-Q3,227.1,270.35714285714283,235.206043956044,219.64743589743583,203.375
2022-08-29,2022-Q3,221.4,263.5714285714286,235.206043956044,219.8420329670329,203.6904761904762
2022-08-30,2022-Q3,224.85,267.67857142857144,235.206043956044,220.066391941392,203.75
2022-08-31,2022-Q3,224.85,267.67857142857144,235.206043956044,220.19230769230768,204.21052631578945
2022-09-01,2022-Q3,226.8,193.84615384615387,232.3397435897436,220.19230769230768,204.21052631578945
2022-09-02,2022-Q3,220.05,188.0769230769231,231.30036630036625,220.19230769230768,204.21052631578945
2022-09-05,2022-Q3,219.7,187.77777777777777,229.67261904761904,220.19230769230768,204.21052631578945
2022-09-06,2022-Q3,215.25,183.9743589743589,227.9464285714286,220.19230769230768,204.21052631578945
2022-09-07,2022-Q3,219.45,187.56410256410257,227.61904761904765,220.19230769230768,204.21052631578945
2022-09-08,2022-Q3,225.9,193.0769230769231,227.61904761904765,220.19230769230768,204.21052631578945
2022-09-09,2022-Q3,227.35,194.3162393162393,227.61904761904765,220.19230769230768,204.21052631578945
2022-09-12,2022-Q3,229.65,196.2820512820513,227.61904761904765,220.19230769230768,204.21052631578945
2022-09-13,2022-Q3,228.2,195.04273504273505,227.61904761904765,220.19230769230768,204.21052631578945
2022-09-14,2022-Q3,234.6,200.51282051282053,227.61904761904765,220.19230769230768,204.21052631578945
2022-09-15,2022-Q3,237.65,203.1196581196581,227.61904761904765,220.19230769230768,204.21052631578945
2022-09-16,2022-Q3,236.0,201.70940170940173,227.61904761904765,220.19230769230768,204.21052631578945
2022-09-19,2022-Q3,240.05,205.17094017094016,227.61904761904765,220.19230769230768,204.6052631578948
2022-09-20,2022-Q3,253.95,217.05128205128204,227.61904761904765,220.19230769230768,204.6153846153846
2022-09-21,2022-Q3,261.7,223.67521367521368,227.61904761904765,220.3044871794872,204.73684210526315
2022-09-22,2022-Q3,255.0,217.948717948718,227.61904761904765,220.3044871794872,204.9404761904762
2022-09-23,2022-Q3,248.95,212.77777777777777,227.61904761904765,220.3044871794872,205.0
2022-09-26,2022-Q3,246.7,210.85470085470087,227.61904761904765,220.3044871794872,205.17094017094016
2022-09-27,2022-Q3,241.95,206.7948717948718,227.61904761904765,220.3044871794872,205.26315789473685
2022-09-28,2022-Q3,233.6,199.6581196581197,227.61904761904765,220.3044871794872,205.26315789473685
2022-09-29,2022-Q3,236.45,202.0940170940171,227.61904761904765,220.3044871794872,205.26315789473685
2022-09-30,2022-Q3,235.7,201.45299145299143,227.61904761904765,220.3044871794872,205.26315789473685
2022-10-03,2022-Q4,229.6,196.23931623931625,227.61904761904765,220.3044871794872,205.26315789473685
2022-10-04,2022-Q4,231.85,198.1623931623932,227.11309523809524,220.3044871794872,205.26315789473685
2022-10-05,2022-Q4,231.85,198.1623931623932,227.11309523809524,220.3044871794872,205.26315789473685
2022-10-06,2022-Q4,241.0,205.982905982906,227.11309523809524,220.3044871794872,205.3947368421053
2022-10-07,2022-Q4,252.7,215.982905982906,227.11309523809524,220.3044871794872,205.8333333333333
2022-10-10,2022-Q4,254.9,217.8632478632479,227.11309523809524,220.3044871794872,205.9375
2022-10-11,2022-Q4,251.5,214.95726495726493,227.11309523809524,220.3044871794872,205.9375
2022-10-12,2022-Q4,255.2,218.1196581196581,227.11309523809524,220.3044871794872,205.982905982906
2022-10-13,2022-Q4,256.65,219.3589743589744,227.11309523809524,220.3044871794872,206.31578947368425
2022-10-14,2022-Q4,254.45,217.47863247863248,227.11309523809524,220.3044871794872,206.7948717948718
2022-10-17,2022-Q4,254.25,217.30769230769232,227.11309523809524,220.3044871794872,206.8421052631579
2022-10-18,2022-Q4,260.5,222.64957264957263,227.11309523809524,220.5059523809524,206.8589743589744
2022-10-19,2022-Q4,256.25,219.017094017094,227.11309523809524,220.5059523809524,206.98717948717947
2022-10-20,2022-Q4,259.75,222.00854700854703,227.11309523809524,220.68223443223445,207.23684210526315
2022-10-21,2022-Q4,254.55,217.5641025641026,227.11309523809524,220.68223443223445,207.63157894736844
2022-10-24,2022-Q4,255.95,218.7606837606837,227.11309523809524,220.68223443223445,207.8947368421053
2022-10-25,2022-Q4,253.2,216.4102564102564,227.11309523809524,220.68223443223445,207.8947368421053
2022-10-26,2022-Q4,253.2,216.4102564102564,227.11309523809524,220.68223443223445,207.8947368421053
2022-10-27,2022-Q4,252.65,215.94017094017096,227.11309523809524,220.68223443223445,207.8947368421053
2022-10-28,2022-Q4,258.8,221.1965811965812,227.11309523809524,220.982905982906,207.8947368421053
2022-10-31,2022-Q4,260.0,222.22222222222223,227.11309523809524,221.4316239316239,207.8947368421053
2022-11-01,2022-Q4,262.1,224.01709401709405,225.37164224664227,221.8376068376068,207.8947368421053
2022-11-02,2022-Q4,258.2,220.68376068376068,223.84615384615387,221.8376068376068,207.8947368421053
2022-11-03,2022-Q4,250.95,214.4871794871795,223.1623931623932,221.8376068376068,207.8947368421053
2022-11-04,2022-Q4,253.65,216.79487179487185,222.6045482295482,221.8376068376068,207.8947368421053
2022-11-07,2022-Q4,251.9,215.29914529914527,222.43589743589743,221.8376068376068,207.8947368421053
2022-11-08,2022-Q4,251.9,215.29914529914527,222.11538461538464,221.8376068376068,207.8947368421053
2022-11-09,2022-Q4,251.05,214.5726495726496,221.6025641025641,221.8376068376068,207.8947368421053
2022-11-10,2022-Q4,255.7,218.5470085470085,220.94017094017096,221.8376068376068,207.8947368421053
2022-11-11,2022-Q4,263.6,225.29914529914527,220.94017094017096,222.11538461538464,207.8947368421053
2022-11-14,2022-Q4,263.05,224.82905982905984,220.94017094017096,222.390873015873,207.8947368421053
2022-11-15,2022-Q4,270.7,231.36752136752136,220.94017094017096,222.5892857142857,207.8947368421053
2022-11-16,2022-Q4,272.95,233.2905982905983,220.94017094017096,222.6343101343101,208.02631578947367
2022-11-17,2022-Q4,267.5,228.63247863247864,220.94017094017096,223.1623931623932,208.02631578947367
2022-11-18,2022-Q4,262.25,224.1452991452992,220.94017094017096,223.84615384615387,208.15789473684208
2022-11-21,2022-Q4,267.35,228.5042735042736,220.94017094017096,224.02777777777777,208.15789473684208
2022-11-22,2022-Q4,269.75,230.5555555555556,220.94017094017096,224.0918803418804,208.55263157894737
2022-11-23,2022-Q4,271.55,232.09401709401712,220.94017094017096,224.34829059829065,208.68421052631567
2022-11-24,2022-Q4,277.7,237.35042735042737,220.94017094017096,224.69017094017096,208.68421052631567
2022-11-25,2022-Q4,281.15,240.2991452991453,220.94017094017096,225.0641025641025,208.68421052631567
2022-11-28,2022-Q4,281.85,240.897435897436,220.94017094017096,225.5982905982906,208.68421052631567
2022-11-29,2022-Q4,279.85,239.1880341880342,220.94017094017096,226.0576923076923,208.68421052631567
2022-11-30,2022-Q4,279.6,238.974358974359,220.94017094017096,226.0576923076923,209.6794871794872
2022-12-01,2022-Q4,279.4,175.72327044025155,220.02136752136755,225.5982905982906,209.6794871794872
2022-12-02,2022-Q4,278.15,174.93710691823898,219.18803418803407,225.0641025641025,209.6794871794872
2022-12-05,2022-Q4,281.05,176.76100628930817,218.88888888888889,224.69017094017096,209.6794871794872
2022-12-06,2022-Q4,280.7,176.54088050314465,218.6538461538461,224.34829059829065,209.6794871794872
2022-12-07,2022-Q4,281.2,176.85534591194968,218.3333333333333,224.08119658119665,209.6794871794872
2022-12-08,2022-Q4,276.15,173.67924528301884,218.03418803418805,223.84615384615387,209.6794871794872
2022-12-09,2022-Q4,276.0,173.58490566037736,217.90598290598297,223.1623931623932,209.6794871794872
2022-12-12,2022-Q4,281.8,177.2327044025157,217.71367521367523,222.6343101343101,209.6794871794872
2022-12-13,2022-Q4,284.7,179.0566037735849,217.52136752136755,222.5892857142857,209.6794871794872
2022-12-14,2022-Q4,281.9,177.2955974842767,217.3931623931624,222.390873015873,209.6794871794872
2022-12-15,2022-Q4,279.0,175.47169811320754,217.1794871794872,222.11538461538464,209.6794871794872
2022-12-16,2022-Q4,278.3,175.0314465408805,216.92307692307696,221.8376068376068,209.6794871794872
2022-12-19,2022-Q4,275.05,172.98742138364778,216.6025641025641,221.4316239316239,209.6794871794872
2022-12-20,2022-Q4,269.55,169.52830188679246,216.4102564102564,220.982905982906,209.6794871794872
2022-12-21,2022-Q4,262.6,165.15723270440253,216.1965811965812,220.72649572649573,209.6794871794872
2022-12-22,2022-Q4,256.25,161.1635220125786,215.96153846153848,220.6394993894994,209.6794871794872
2022-12-23,2022-Q4,251.65,158.27044025157232,215.6196581196581,220.5059523809524,209.6794871794872
2022-12-26,2022-Q4,256.6,161.38364779874215,215.29914529914527,220.3044871794872,209.6794871794872
2022-12-27,2022-Q4,263.45,165.69182389937106,215.12820512820508,220.19230769230768,208.55263157894737
2022-12-28,2022-Q4,267.55,168.27044025157232,214.76495726495727,220.066391941392,206.98717948717947
2022-12-29,2022-Q4,266.7,167.73584905660377,214.5299145299145,219.70238095238096,206.8589743589744
2022-12-30,2022-Q4,270.3,170.0,213.63247863247864,219.41163003663004,206.7948717948718
2023-01-02,2023-Q1,270.6,170.18867924528303,211.8162393162393,219.18803418803407,205.982905982906
2023-01-03,2023-Q1,274.2,172.45283018867923,208.82478632478632,218.88888888888889,205.982905982906
2023-01-04,2023-Q1,274.3,172.51572327044025,206.3888888888889,218.6538461538461,205.982905982906
2023-01-05,2023-Q1,270.9,170.37735849056602,206.3888888888889,218.4401709401709,205.9375
2023-01-06,2023-Q1,270.0,169.81132075471697,206.3888888888889,218.3333333333333,205.9375
2023-01-09,2023-Q1,289.45,182.04402515723268,206.3888888888889,218.2264957264957,205.8333333333333
2023-01-10,2023-Q1,289.8,182.26415094339623,206.3888888888889,218.03418803418805,205.17094017094016
2023-01-11,2023-Q1,299.2,188.1761006289308,206.3888888888889,217.91666666666669,204.9404761904762
2023-01-12,2023-Q1,295.1,185.5974842767296,206.3888888888889,217.87393162393164,204.6153846153846
2023-01-13,2023-Q1,308.55,194.0566037735849,206.3888888888889,217.71367521367523,203.75
2023-01-16,2023-Q1,302.0,189.93710691823887,206.3888888888889,217.71367521367523,203.6904761904762
2023-01-17,2023-Q1,305.65,192.2327044025157,206.3888888888889,217.71367521367523,203.375
2023-01-18,2023-Q1,308.35,193.9308176100629,206.3888888888889,217.52136752136755,203.1196581196581
2023-01-19,2023-Q1,313.85,197.38993710691824,206.3888888888889,217.52136752136755,202.1428571428572
2023-01-20,2023-Q1,312.75,196.69811320754715,206.3888888888889,217.52136752136755,202.0940170940171
2023-01-23,2023-Q1,303.55,190.91194968553447,206.3888888888889,217.52136752136755,201.70940170940173
2023-01-24,2023-Q1,299.35,188.27044025157232,204.03846153846155,217.52136752136755,201.45299145299143
2023-01-25,2023-Q1,300.4,188.9308176100629,201.77350427350427,217.3931623931624,201.45299145299143
2023-01-26,2023-Q1,300.4,188.9308176100629,200.5555555555556,217.1794871794872,201.45299145299143
2023-01-27,2023-Q1,298.4,187.67295597484275,198.91025641025644,216.92307692307696,201.45299145299143
2023-01-30,2023-Q1,301.75,189.77987421383648,198.1623931623932,216.6025641025641,201.45299145299143
2023-01-31,2023-Q1,302.45,190.2201257861635,197.7761651346557,216.4102564102564,201.45299145299143
2023-02-01,2023-Q1,302.4,190.188679245283,197.04402515723268,216.4102564102564,201.45299145299143
2023-02-02,2023-Q1,306.1,192.51572327044025,196.4687147234317,216.4102564102564,201.45299145299143
2023-02-03,2023-Q1,309.25,194.496855345912,195.36808579261407,216.1965811965812,201.45299145299143
2023-02-06,2023-Q1,307.4,193.3333333333333,194.27672955974845,215.96764346764348,201.45299145299143
2023-02-07,2023-Q1,315.3,198.3018867924528,194.27672955974845,215.946275946276,201.45299145299143
2023-02-08,2023-Q1,316.45,199.0251572327044,194.27672955974845,215.79746642246647,201.45299145299143
2023-02-09,2023-Q1,311.45,195.88050314465409,194.27672955974845,215.4769536019536,201.45299145299143
2023-02-10,2023-Q1,327.85,206.19496855345912,194.27672955974845,215.29914529914527,201.70940170940173
2023-02-13,2023-Q1,334.45,210.3459119496856,194.27672955974845,215.12820512820508,202.0940170940171
2023-02-14,2023-Q1,335.75,211.1635220125786,194.27672955974845,214.76495726495727,202.1428571428572
2023-02-15,2023-Q1,320.75,201.72955974842768,194.27672955974845,214.76495726495727,202.1428571428572
2023-02-16,2023-Q1,323.75,203.61635220125785,194.27672955974845,214.76495726495727,203.1196581196581
2023-02-17,2023-Q1,320.15,201.3522012578616,194.27672955974845,214.76495726495727,203.1196581196581
2023-02-20,2023-Q1,317.0,199.37106918239,194.27672955974845,214.76495726495727,203.1196581196581
2023-02-21,2023-Q1,319.9,201.1949685534591,194.27672955974845,214.76495726495727,203.1196581196581
2023-02-22,2023-Q1,314.4,197.7358490566037,194.27672955974845,214.76495726495727,203.1196581196581
2023-02-23,2023-Q1,314.2,197.61006289308173,194.27672955974845,214.76495726495727,203.1196581196581
2023-02-24,2023-Q1,314.85,198.0188679245283,194.27672955974845,214.76495726495727,203.1196581196581
2023-02-27,2023-Q1,310.9,195.53459119496853,194.27672955974845,214.76495726495727,203.1196581196581
2023-02-28,2023-Q1,305.25,191.9811320754717,193.99371069182388,214.76495726495727,203.1196581196581
2023-03-01,2023-Q1,306.8,195.4140127388535,193.99371069182388,214.76495726495727,203.1196581196581
2023-03-02,2023-Q1,300.05,191.11464968152868,193.6320754716981,214.5299145299145,203.1196581196581
2023-03-03,2023-Q1,300.75,191.5605095541401,192.9245283018868,213.63247863247864,203.1196581196581
2023-03-06,2023-Q1,298.35,190.031847133758,192.374213836478,211.97064989517816,203.1196581196581
2023-03-07,2023-Q1,298.35,190.031847133758,192.1069182389937,211.00911143363973,203.1196581196581
2023-03-08,2023-Q1,301.3,191.9108280254777,191.9459800504747,210.6003064021932,203.1196581196581
2023-03-09,2023-Q1,297.05,189.20382165605096,191.73566878980893,208.5703918722787,203.1196581196581
2023-03-10,2023-Q1,297.35,189.3949044585988,191.3375796178344,206.49492017416543,203.1196581196581
2023-03-13,2023-Q1,290.95,185.3184713375796,191.0132996835316,206.0889372681825,203.1196581196581
2023-03-14,2023-Q1,293.0,186.62420382165604,190.56603773584905,205.5769230769231,203.1196581196581
2023-03-15,2023-Q1,292.2,186.11464968152865,190.20440251572325,204.393646186099,203.1196581196581
2023-03-16,2023-Q1,290.8,185.2229299363057,190.11026318952048,203.368005160458,203.1196581196581
2023-03-17,2023-Q1,289.15,184.17197452229297,190.031847133758,202.6068376068376,203.1196581196581
2023-03-20,2023-Q1,286.85,182.70700636942675,189.98447702599844,201.9117884212224,203.1196581196581
2023-03-21,2023-Q1,296.3,188.7261146496816,189.8584905660377,201.7194807289147,203.1196581196581
2023-03-22,2023-Q1,293.9,187.19745222929933,189.58738933621763,201.5811965811966,203.1196581196581
2023-03-23,2023-Q1,296.3,188.7261146496816,189.29936305732488,201.4025963554265,203.1196581196581
2023-03-24,2023-Q1,288.75,183.9171974522293,189.0673196330569,201.2735849056604,203.1196581196581
2023-03-27,2023-Q1,287.7,183.24840764331208,188.9308176100629,200.8538945331398,203.1196581196581
2023-03-28,2023-Q1,289.55,184.42675159235668,188.82846612987225,200.0854700854701,203.1196581196581
2023-03-29,2023-Q1,305.05,194.29936305732485,188.82846612987225,199.51459442025484,202.1428571428572
2023-03-30,2023-Q1,305.05,194.29936305732485,188.82846612987225,199.1981132075472,202.0940170940171
2023-03-31,2023-Q1,300.05,191.11464968152868,188.82846612987225,198.6635220125786,201.72955974842768
2023-04-03,2023-Q2,296.7,188.9808917197452,188.82846612987225,198.232139977423,201.70940170940173
2023-04-04,2023-Q2,296.7,188.9808917197452,188.82846612987225,198.1623931623932,201.70940170940173
2023-04-05,2023-Q2,290.5,185.031847133758,188.7261146496816,198.09063054346075,201.70940170940173
2023-04-06,2023-Q2,290.7,185.1592356687898,188.7261146496816,197.877358490566,201.70940170940173
2023-04-07,2023-Q2,290.7,185.1592356687898,188.7261146496816,197.67295597484272,201.70940170940173
2023-04-10,2023-Q2,288.05,183.47133757961785,188.7261146496816,197.5,201.70940170940173
2023-04-11,2023-Q2,294.55,187.6114649681529,188.7261146496816,197.04402515723268,201.70940170940173
2023-04-12,2023-Q2,301.25,191.8789808917197,188.82846612987225,196.49008224479925,201.70940170940173
2023-04-13,2023-Q2,298.0,189.80891719745225,188.9308176100629,196.2606837606837,201.70940170940173
2023-04-14,2023-Q2,298.0,189.80891719745225,188.95585466490405,196.0599096919852,201.70940170940173
2023-04-17,2023-Q2,301.1,191.78343949044583,188.9808917197452,195.7075471698113,201.70940170940173
2023-04-18,2023-Q2,303.85,193.53503184713367,189.09235668789808,195.474301966911,201.70940170940173
2023-04-19,2023-Q2,298.6,190.19108280254773,189.29936305732488,195.22837389079427,201.70940170940173
2023-04-20,2023-Q2,300.15,191.1783439490445,189.58738933621763,194.7697951943236,201.70940170940173
2023-04-21,2023-Q2,302.8,192.86624203821657,189.7943957056444,194.40654733107564,201.70940170940173
2023-04-24,2023-Q2,302.45,192.6433121019108,189.80891719745225,194.3078011867821,201.70940170940173
2023-04-25,2023-Q2,306.15,195.0,189.8730120578456,194.3078011867821,201.70940170940173
2023-04-26,2023-Q2,308.75,196.656050955414,189.98447702599844,194.3078011867821,201.70940170940173
2023-04-27,2023-Q2,307.75,196.0191082802548,190.031847133758,194.3078011867821,201.70940170940173
2023-04-28,2023-Q2,308.85,196.71974522293,190.11026318952048,194.3078011867821,201.70940170940173
2023-05-01,2023-Q2,308.85,196.71974522293,190.1898810239153,194.3078011867821,201.70940170940173
2023-05-02,2023-Q2,306.85,195.44585987261144,190.2056042943556,194.3078011867821,201.70940170940173
2023-05-03,2023-Q2,311.8,198.59872611464968,190.56603773584905,194.3078011867821,201.70940170940173
2023-05-04,2023-Q2,311.25,198.2484076433121,191.0132996835316,194.3078011867821,201.70940170940173
2023-05-05,2023-Q2,305.55,194.6178343949045,191.11464968152868,194.3078011867821,201.70940170940173
2023-05-08,2023-Q2,312.35,198.94904458598728,191.14649681528653,194.3078011867821,201.70940170940173
2023-05-09,2023-Q2,320.5,204.14012738853503,191.3694267515923,194.3078011867821,201.72955974842768
2023-05-10,2023-Q2,315.85,201.1783439490446,191.67197452229297,194.3078011867821,201.72955974842768
2023-05-11,2023-Q2,327.0,208.28025477707004,191.8312101910828,194.40654733107564,202.0940170940171
2023-05-12,2023-Q2,332.35,211.687898089172,191.89490445859872,194.55734487040823,202.1428571428572
2023-05-15,2023-Q2,332.15,211.5605095541401,191.9459800504747,194.80891719745225,203.1196581196581
2023-05-16,2023-Q2,338.45,215.5732484076433,192.1069182389937,195.02136752136752,203.61635220125785
2023-05-17,2023-Q2,336.4,214.2675159235669,192.374213836478,195.22837389079427,203.6904761904762
2023-05-18,2023-Q2,336.65,214.42675159235665,192.5795176861755,195.42993630573247,204.14012738853503
2023-05-19,2023-Q2,340.65,216.9745222929936,192.5795176861755,195.49022553379,204.6153846153846
2023-05-22,2023-Q2,353.0,224.84076433121007,192.75477707006368,195.49022553379,204.9404761904762
2023-05-23,2023-Q2,357.4,227.6433121019108,193.0997876857749,195.7075471698113,205.17094017094016
2023-05-24,2023-Q2,364.3,232.0382165605096,193.0997876857749,195.7075471698113,205.8333333333333
2023-05-25,2023-Q2,373.25,237.7388535031847,193.0997876857749,195.7075471698113,205.982905982906
2023-05-26,2023-Q2,387.0,246.49681528662416,193.0997876857749,195.7075471698113,206.19496855345912
2023-05-29,2023-Q2,383.75,244.42675159235668,193.4341825902335,195.7075471698113,206.7948717948718
2023-05-30,2023-Q2,385.9,245.796178343949,193.9171974522293,195.7075471698113,206.8589743589744
2023-05-31,2023-Q2,392.85,250.2229299363057,194.29936305732485,195.7075471698113,206.98717948717947
2023-06-01,2023-Q2,388.55,308.3730158730159,194.3981092016184,195.7075471698113,208.28025477707004
2023-06-02,2023-Q2,380.85,302.2619047619048,194.55734487040823,195.7075471698113,209.6794871794872
2023-06-05,2023-Q2,381.45,302.73809523809524,194.80891719745225,195.7075471698113,210.0595238095238
2023-06-06,2023-Q2,374.6,297.3015873015873,195.20700636942675,195.7075471698113,210.3459119496856
2023-06-07,2023-Q2,370.1,293.73015873015873,195.42993630573247,195.7075471698113,210.7142857142857
2023-06-08,2023-Q2,375.05,297.6587301587302,195.49022553379,195.7075471698113,210.85470085470087
2023-06-09,2023-Q2,379.95,301.54761904761904,195.7075471698113,195.7075471698113,211.1635220125786
2023-06-12,2023-Q2,377.85,299.8809523809524,195.9498057124545,195.7075471698113,211.5605095541401
2023-06-13,2023-Q2,382.4,303.4920634920635,195.9498057124545,195.7075471698113,211.687898089172
2023-06-14,2023-Q2,378.1,300.0793650793651,195.9498057124545,195.7075471698113,212.5
2023-06-15,2023-Q2,378.3,300.23809523809524,196.3375796178344,195.7075471698113,212.6282051282051
2023-06-16,2023-Q2,377.1,299.2857142857143,196.3375796178344,195.7075471698113,212.77777777777777
2023-06-19,2023-Q2,364.5,289.2857142857143,196.3375796178344,195.7075471698113,212.8571428571429
2023-06-20,2023-Q2,366.8,291.11111111111114,196.3375796178344,195.7075471698113,213.3333333333333
2023-06-21,2023-Q2,377.15,299.3253968253968,196.3375796178344,195.7075471698113,214.2675159235669
2023-06-22,2023-Q2,372.6,295.7142857142857,196.3375796178344,195.7075471698113,214.42675159235665
2023-06-23,2023-Q2,368.8,292.6984126984127,196.3375796178344,195.7075471698113,214.4871794871795
2023-06-26,2023-Q2,373.9,296.74603174603175,196.3375796178344,195.7075471698113,214.5726495726496
2023-06-27,2023-Q2,373.3,296.26984126984127,196.3375796178344,195.7075471698113,214.6153846153846
2023-06-28,2023-Q2,374.45,297.1825396825397,196.3375796178344,195.7075471698113,214.74358974358967
2023-06-29,2023-Q2,374.45,297.1825396825397,196.3375796178344,195.7075471698113,214.93589743589743
2023-06-30,2023-Q2,378.5,300.3968253968254,196.3375796178344,195.7075471698113,214.95726495726493
2023-07-03,2023-Q3,378.9,300.7142857142857,196.687898089172,195.7075471698113,215.29914529914527
2023-07-04,2023-Q3,379.05,300.8333333333333,196.71974522293,195.7075471698113,215.29914529914527
2023-07-05,2023-Q3,384.15,304.88095238095235,197.48407643312103,195.7075471698113,215.5128205128205
2023-07-06,2023-Q3,390.25,309.72222222222223,198.4235668789809,195.7075471698113,215.5128205128205
2023-07-07,2023-Q3,386.45,306.7063492063492,198.7738853503185,195.7075471698113,215.5732484076433
2023-07-10,2023-Q3,388.65,308.4523809523809,200.063694267516,195.7075471698113,215.65476190476195
2023-07-11,2023-Q3,399.05,316.7063492063492,202.65923566878985,195.7075471698113,215.7692307692308
2023-07-12,2023-Q3,405.85,322.10317460317464,206.2101910828025,195.7075471698113,215.94017094017096
2023-07-13,2023-Q3,403.95,320.5952380952381,209.92038216560508,195.7075471698113,215.95238095238096
2023-07-14,2023-Q3,408.75,324.4047619047619,211.62420382165607,195.7075471698113,215.982905982906
2023-07-17,2023-Q3,406.9,322.9365079365079,212.97770700636943,195.7075471698113,216.02564102564105
2023-07-18,2023-Q3,422.7,335.4761904761905,214.34713375796176,195.7075471698113,216.4102564102564
2023-07-19,2023-Q3,417.4,331.26984126984127,215.0,195.7075471698113,216.4102564102564
2023-07-20,2023-Q3,412.3,327.22222222222223,216.27388535031844,195.7075471698113,216.79487179487185
2023-07-21,2023-Q3,408.05,323.8492063492064,220.90764331210187,195.7075471698113,216.9745222929936
2023-07-24,2023-Q3,401.85,318.92857142857144,226.24203821656045,195.7075471698113,217.05128205128204
2023-07-25,2023-Q3,399.5,317.06349206349205,229.8407643312102,195.7075471698113,217.05128205128204
2023-07-26,2023-Q3,400.45,317.8174603174603,234.8885350318472,195.7075471698113,217.05128205128204
2023-07-27,2023-Q3,396.8,314.92063492063494,241.0828025477707,195.7075471698113,217.05128205128204
2023-07-28,2023-Q3,403.75,320.43650793650795,245.1114649681529,195.7075471698113,217.05128205128204
2023-07-31,2023-Q3,402.05,319.0873015873016,246.14649681528653,195.7075471698113,217.3076923076923
2023-08-01,2023-Q3,408.0,323.8095238095238,248.3598726114649,195.7075471698113,217.30769230769232
2023-08-02,2023-Q3,407.4,323.3333333333333,269.75432211101,195.7075471698113,217.47863247863248
2023-08-03,2023-Q3,406.3,322.46031746031747,290.1984126984127,195.7075471698113,217.5641025641026
2023-08-04,2023-Q3,408.05,323.8492063492064,291.9047619047619,195.7075471698113,217.5641025641026
2023-08-07,2023-Q3,404.9,321.3492063492063,293.2142857142857,195.7075471698113,217.5641025641026
2023-08-08,2023-Q3,407.95,323.76984126984127,294.72222222222223,195.7075471698113,217.5641025641026
2023-08-09,2023-Q3,403.85,320.515873015873,295.9920634920635,195.7075471698113,217.8632478632479
2023-08-10,2023-Q3,401.4,318.57142857142856,296.5079365079365,195.9498057124545,217.88461538461536
2023-08-11,2023-Q3,403.95,320.5952380952381,296.9642857142857,196.3375796178344,217.948717948718
2023-08-14,2023-Q3,401.7,318.8095238095238,297.1825396825397,196.6770820814806,217.948717948718
2023-08-15,2023-Q3,401.7,318.8095238095238,297.2420634920635,196.70892921523856,217.948717948718
2023-08-16,2023-Q3,408.3,324.04761904761904,297.48015873015873,196.71974522293,217.948717948718
2023-08-17,2023-Q3,412.4,327.3015873015873,298.47222222222223,197.0548411649241,217.948717948718
2023-08-18,2023-Q3,429.65,340.9920634920635,299.30555555555554,197.5,217.948717948718
2023-08-21,2023-Q3,423.1,335.7936507936508,299.6031746031746,197.67295597484272,217.948717948718
2023-08-22,2023-Q3,424.95,337.2619047619048,299.9801587301588,197.877358490566,217.948717948718
2023-08-23,2023-Q3,417.0,330.95238095238096,300.1587301587302,198.13363778392025,217.948717948718
2023-08-24,2023-Q3,414.75,329.1666666666667,300.3174603174604,198.27514721788245,217.948717948718
2023-08-25,2023-Q3,417.95,331.7063492063492,300.55555555555554,198.45030645355124,217.948717948718
2023-08-28,2023-Q3,410.6,325.8730158730159,300.7738095238095,198.7738853503185,217.948717948718
2023-08-29,2023-Q3,406.8,322.8571428571429,301.19047619047615,198.98710090934583,217.948717948718
2023-08-30,2023-Q3,409.4,324.9206349206349,301.9047619047619,199.1981132075472,217.948717948718
2023-08-31,2023-Q3,429.35,340.75396825396825,302.5,200.27470656571728,217.948717948718
2023-09-01,2023-Q3,423.95,181.9527896995708,302.5,200.27470656571728,217.88461538461536
2023-09-04,2023-Q3,434.95,186.6738197424893,302.5,200.27470656571728,217.8632478632479
2023-09-05,2023-Q3,437.45,187.74678111587983,302.5,200.27470656571728,217.5641025641026
2023-09-06,2023-Q3,431.6,185.23605150214595,302.5,200.27470656571728,217.47863247863248
2023-09-07,2023-Q3,448.7,192.57510729613733,302.5,200.27470656571728,217.30769230769232
2023-09-08,2023-Q3,455.25,195.3862660944206,302.5,200.27470656571728,217.05128205128204
2023-09-11,2023-Q3,451.35,193.71244635193133,302.5,200.27470656571728,216.9745222929936
2023-09-12,2023-Q3,440.4,189.01287553648064,302.5,200.27470656571728,216.79487179487185
2023-09-13,2023-Q3,443.4,190.30042918454933,302.5,200.27470656571728,216.4102564102564
2023-09-14,2023-Q3,444.85,190.92274678111588,302.5,200.27470656571728,216.4102564102564
2023-09-15,2023-Q3,436.2,187.2103004291845,302.5,200.27470656571728,215.982905982906
2023-09-18,2023-Q3,439.1,188.4549356223176,302.5,200.27470656571728,215.95238095238096
2023-09-19,2023-Q3,439.1,188.4549356223176,302.5,200.27470656571728,215.94017094017096
2023-09-20,2023-Q3,431.6,185.23605150214595,302.5,200.27470656571728,215.7692307692308
2023-09-21,2023-Q3,429.5,184.33476394849785,302.5,200.27470656571728,215.65476190476195
2023-09-22,2023-Q3,440.5,189.0557939914163,302.5,200.27470656571728,215.5732484076433
2023-09-25,2023-Q3,434.45,186.4592274678112,302.5,200.27470656571728,215.29914529914527
2023-09-26,2023-Q3,438.0,187.98283261802567,302.5,200.27470656571728,215.29914529914527
2023-09-27,2023-Q3,438.05,188.00429184549355,302.5,200.27470656571728,214.95726495726493
2023-09-28,2023-Q3,436.5,187.3390557939914,302.5,200.27470656571728,214.74358974358967
2023-09-29,2023-Q3,442.2,189.78540772532187,302.5,200.27470656571728,214.6153846153846
2023-10-02,2023-Q4,442.2,189.78540772532187,302.5,200.27470656571728,214.6153846153846
2023-10-03,2023-Q4,444.35,190.7081545064377,302.5,200.27470656571728,214.6153846153846
2023-10-04,2023-Q4,432.0,185.4077253218884,302.5,200.27470656571728,214.5726495726496
2023-10-05,2023-Q4,426.0,182.83261802575103,301.9047619047619,200.27470656571728,214.5726495726496
2023-10-06,2023-Q4,418.75,179.72103004291844,301.19047619047615,200.27470656571728,214.5726495726496
2023-10-09,2023-Q4,413.25,177.36051502145924,300.7738095238095,200.27470656571728,214.4871794871795
2023-10-10,2023-Q4,411.95,176.80257510729612,300.7738095238095,200.27470656571728,214.42675159235665
2023-10-11,2023-Q4,404.45,173.58369098712444,300.7738095238095,200.27470656571728,214.2675159235669
2023-10-12,2023-Q4,399.75,171.56652360515022,300.7738095238095,200.27470656571728,212.8571428571429
2023-10-13,2023-Q4,396.25,170.06437768240343,300.55555555555554,200.27470656571728,212.77777777777777
2023-10-16,2023-Q4,393.15,168.7339055793991,300.55555555555554,200.27470656571728,212.6282051282051
2023-10-17,2023-Q4,392.35,168.39055793991415,300.3174603174604,200.27470656571728,211.687898089172
2023-10-18,2023-Q4,386.9,166.05150214592274,300.3174603174604,200.27470656571728,211.5605095541401
2023-10-19,2023-Q4,380.4,163.26180257510728,299.8611111111111,200.27470656571728,211.1635220125786
2023-10-20,2023-Q4,394.25,169.206008583691,299.8611111111111,199.16005688418863,210.85470085470087
2023-10-23,2023-Q4,384.0,164.8068669527897,299.8611111111111,198.7738853503185,210.7142857142857
2023-10-24,2023-Q4,384.0,164.8068669527897,299.8611111111111,198.4235668789809,210.3459119496856
2023-10-25,2023-Q4,372.35,159.8068669527897,298.78968253968253,198.13363778392025,210.0595238095238
2023-10-26,2023-Q4,371.6,159.48497854077254,298.78968253968253,197.877358490566,208.28025477707004
2023-10-27,2023-Q4,384.4,164.97854077253217,298.78968253968253,197.67295597484272,206.7948717948718
2023-10-30,2023-Q4,391.15,167.8755364806867,298.78968253968253,197.16490405800585,206.19496855345912
2023-10-31,2023-Q4,390.1,167.42489270386267,298.78968253968253,196.71974522293,205.982905982906
2023-11-01,2023-Q4,383.05,164.39914163090128,298.78968253968253,196.687898089172,205.8333333333333
2023-11-02,2023-Q4,383.7,164.6781115879828,247.891545745623,196.3375796178344,205.17094017094016
2023-11-03,2023-Q4,380.2,163.17596566523605,194.54935622317595,195.77684973761168,204.9404761904762
2023-11-06,2023-Q4,376.6,161.63090128755366,193.14377682403432,195.7324840764332,204.9404761904762
2023-11-07,2023-Q4,388.25,166.63090128755366,191.74892703862665,195.7324840764332,204.9404761904762
2023-11-08,2023-Q4,382.65,164.2274678111588,190.8154506437768,195.7324840764332,204.9404761904762
2023-11-09,2023-Q4,383.65,164.656652360515,190.50429184549355,195.7324840764332,204.9404761904762
2023-11-10,2023-Q4,388.55,166.75965665236052,190.0429184549356,195.7324840764332,204.9404761904762
2023-11-12,2023-Q4,387.8,166.43776824034336,189.78540772532187,195.7324840764332,204.9404761904762
2023-11-13,2023-Q4,382.65,164.2274678111588,189.42060085836908,195.7324840764332,204.14012738853503
2023-11-14,2023-Q4,382.65,164.2274678111588,189.0343347639485,195.7324840764332,203.61635220125785
2023-11-15,2023-Q4,394.3,169.2274678111588,188.7339055793991,195.7324840764332,203.1196581196581
2023-11-16,2023-Q4,398.15,170.87982832618025,188.4549356223176,195.7324840764332,202.0940170940171
2023-11-17,2023-Q4,389.15,167.01716738197425,188.2296137339056,195.7324840764332,201.72955974842768
2023-11-20,2023-Q4,394.25,169.206008583691,187.9935622317596,195.7324840764332,201.70940170940173
2023-11-21,2023-Q4,391.15,167.8755364806867,187.8648068669528,195.7324840764332,201.45299145299143
2023-11-22,2023-Q4,469.35,201.43776824034336,187.8648068669528,196.3375796178344,201.43776824034336
2023-11-23,2023-Q4,460.3,197.5536480686696,187.8648068669528,196.687898089172,201.3522012578616
2023-11-24,2023-Q4,429.15,184.1845493562232,187.5429184549356,196.687898089172,201.1949685534591
2023-11-27,2023-Q4,429.15,184.1845493562232,187.274678111588,196.687898089172,201.1783439490446
2023-11-28,2023-Q4,431.5,185.1931330472103,186.94206008583689,196.687898089172,200.51282051282053
2023-11-29,2023-Q4,439.25,188.51931330472104,186.94206008583689,196.687898089172,199.6581196581197
2023-11-30,2023-Q4,449.4,192.8755364806867,186.94206008583689,196.687898089172,199.37106918239
2023-12-01,2023-Q4,455.95,321.09154929577466,186.94206008583689,196.71974522293,199.37106918239
2023-12-04,2023-Q4,470.0,330.98591549295776,186.94206008583689,197.1366966457998,199.37106918239
2023-12-05,2023-Q4,473.25,333.274647887324,186.94206008583689,197.90102785599083,199.37106918239
2023-12-06,2023-Q4,453.75,319.5422535211268,186.94206008583689,198.4235668789809,199.37106918239
2023-12-07,2023-Q4,456.3,321.3380281690141,186.94206008583689,198.7738853503185,199.37106918239
2023-12-08,2023-Q4,454.85,320.31690140845075,186.94206008583689,200.063694267516,199.37106918239
2023-12-11,2023-Q4,451.0,317.6056338028169,186.94206008583689,201.308056094694,199.37106918239
2023-12-12,2023-Q4,448.3,315.7042253521127,186.94206008583689,202.7889478144392,199.37106918239
2023-12-13,2023-Q4,456.8,321.69014084507046,186.94206008583689,206.2101910828025,199.37106918239
2023-12-14,2023-Q4,465.9,328.09859154929575,186.94206008583689,209.92038216560508,199.37106918239
2023-12-15,2023-Q4,459.65,323.69718309859155,186.94206008583689,211.62420382165607,199.37106918239
2023-12-18,2023-Q4,456.55,321.5140845070423,186.94206008583689,212.97770700636943,199.37106918239
2023-12-19,2023-Q4,455.8,320.98591549295776,186.94206008583689,214.34713375796176,199.37106918239
2023-12-20,2023-Q4,448.9,316.1267605633803,186.94206008583689,215.0,199.37106918239
2023-12-21,2023-Q4,456.1,321.1971830985916,186.94206008583689,216.27388535031844,199.37106918239
2023-12-22,2023-Q4,466.7,328.6619718309859,186.94206008583689,220.90764331210187,199.37106918239
2023-12-25,2023-Q4,466.7,328.6619718309859,186.94206008583689,226.24203821656045,199.37106918239
2023-12-26,2023-Q4,465.3,327.6760563380282,186.94206008583689,229.8407643312102,199.37106918239
2023-12-27,2023-Q4,458.15,322.64084507042253,186.94206008583689,234.8885350318472,199.37106918239
2023-12-28,2023-Q4,452.35,318.556338028169,186.94206008583689,241.0828025477707,199.37106918239
2023-12-29,2023-Q4,454.4,320.0,186.94206008583689,245.1114649681529,199.37106918239
2024-01-01,2024-Q1,449.6,316.6197183098592,186.94206008583689,246.14649681528653,199.37106918239
2024-01-02,2024-Q1,452.05,318.34507042253523,186.94206008583689,248.3598726114649,199.37106918239
2024-01-03,2024-Q1,451.35,317.8521126760564,186.94206008583689,269.75432211101,199.37106918239
2024-01-04,2024-Q1,464.1,326.830985915493,187.274678111588,290.1984126984127,199.37106918239
2024-01-05,2024-Q1,468.45,329.8943661971831,187.5429184549356,291.9047619047619,199.37106918239
2024-01-08,2024-Q1,469.85,330.88028169014086,187.6609442060085,293.2142857142857,199.37106918239
2024-01-09,2024-Q1,470.95,331.6549295774648,187.9935622317596,294.72222222222223,199.37106918239
2024-01-10,2024-Q1,468.45,329.8943661971831,187.9935622317596,295.9920634920635,199.37106918239
2024-01-11,2024-Q1,463.6,326.47887323943667,187.9935622317596,296.5079365079365,199.37106918239
2024-01-12,2024-Q1,460.65,324.40140845070425,187.9935622317596,296.9642857142857,199.37106918239
2024-01-15,2024-Q1,457.75,322.35915492957747,187.9935622317596,297.1825396825397,199.37106918239
2024-01-16,2024-Q1,452.4,318.59154929577466,187.9935622317596,297.2420634920635,199.37106918239
2024-01-17,2024-Q1,463.1,326.1267605633803,187.9935622317596,297.48015873015873,199.37106918239
2024-01-18,2024-Q1,453.05,319.049295774648,188.2296137339056,298.47222222222223,199.37106918239
2024-01-19,2024-Q1,454.25,319.8943661971831,188.2296137339056,299.30555555555554,199.37106918239
2024-01-20,2024-Q1,451.95,318.274647887324,188.2618025751073,299.6031746031746,199.37106918239
2024-01-22,2024-Q1,451.95,318.274647887324,188.78755364806867,299.9801587301588,199.37106918239
2024-01-23,2024-Q1,447.4,315.07042253521126,189.42060085836908,300.1587301587302,199.6581196581197
2024-01-24,2024-Q1,449.35,316.44366197183103,189.78540772532187,300.3174603174604,200.51282051282053
2024-01-25,2024-Q1,463.1,326.1267605633803,190.2467811158798,300.55555555555554,201.1783439490446
2024-01-26,2024-Q1,463.1,326.1267605633803,191.79184549356225,300.7738095238095,201.1949685534591
2024-01-29,2024-Q1,467.05,328.9084507042254,195.21459227467813,301.19047619047615,201.3522012578616
2024-01-30,2024-Q1,461.75,325.17605633802816,199.49570815450647,301.9047619047619,201.43776824034336
2024-01-31,2024-Q1,468.55,329.9647887323944,258.2540953877773,302.5,201.45299145299143
2024-02-01,2024-Q1,456.75,321.6549295774648,315.38732394366195,303.1150793650794,201.70940170940173
2024-02-02,2024-Q1,448.0,315.4929577464789,315.5985915492958,304.18650793650795,201.72955974842768
2024-02-05,2024-Q1,439.65,309.61267605633805,315.5985915492958,305.7936507936508,202.0940170940171
2024-02-06,2024-Q1,444.95,313.34507042253523,315.5985915492958,305.7936507936508,202.0940170940171
2024-02-07,2024-Q1,437.2,307.88732394366195,315.5985915492958,307.2968365750056,203.61635220125785
2024-02-08,2024-Q1,431.95,304.1901408450704,315.5985915492958,307.2968365750056,203.61635220125785
2024-02-09,2024-Q1,432.45,304.5422535211268,315.5985915492958,307.2968365750056,203.61635220125785
2024-02-12,2024-Q1,439.45,309.4718309859155,315.5985915492958,308.1698524480214,203.61635220125785
2024-02-13,2024-Q1,436.15,307.1478873239437,315.5985915492958,308.1698524480214,203.61635220125785
2024-02-14,2024-Q1,437.45,308.0633802816902,315.5985915492958,308.25788061703554,203.61635220125785
2024-02-15,2024-Q1,438.6,308.87323943661977,315.5985915492958,308.6628101945004,203.61635220125785
2024-02-16,2024-Q1,430.1,302.887323943662,315.5985915492958,308.6628101945004,203.61635220125785
2024-02-19,2024-Q1,436.3,307.2535211267606,315.5985915492958,308.6628101945004,204.14012738853503
2024-02-20,2024-Q1,436.25,307.21830985915494,315.5985915492958,308.6628101945004,205.982905982906
2024-02-21,2024-Q1,425.95,299.9647887323944,315.5985915492958,308.6628101945004,206.19496855345912
2024-02-22,2024-Q1,424.6,299.0140845070423,315.5985915492958,308.6628101945004,208.28025477707004
2024-02-23,2024-Q1,433.7,305.4225352112676,315.5985915492958,308.6628101945004,210.3459119496856
2024-02-26,2024-Q1,428.4,301.6901408450704,315.5985915492958,308.6628101945004,211.1635220125786
2024-02-27,2024-Q1,439.1,309.2253521126761,315.5985915492958,309.049295774648,211.5605095541401
2024-02-28,2024-Q1,428.95,302.0774647887324,315.5985915492958,309.049295774648,211.5605095541401
2024-02-29,2024-Q1,443.25,312.1478873239437,315.5985915492958,309.3485915492958,211.5605095541401
2024-03-01,2024-Q1,465.0,294.3037974683544,315.5985915492958,309.3485915492958,211.5605095541401
2024-03-02,2024-Q1,472.85,299.2721518987342,315.5985915492958,309.3485915492958,211.5605095541401
2024-03-04,2024-Q1,469.05,296.8670886075949,315.5985915492958,309.3485915492958,211.5605095541401
2024-03-05,2024-Q1,463.25,293.19620253164555,315.5985915492958,309.3485915492958,211.5605095541401
2024-03-06,2024-Q1,469.65,297.2468354430379,315.5985915492958,309.3485915492958,211.5605095541401
2024-03-07,2024-Q1,457.65,289.6518987341772,315.5985915492958,309.3485915492958,211.5605095541401
2024-03-08,2024-Q1,457.65,289.6518987341772,315.5985915492958,309.3485915492958,211.5605095541401
2024-03-11,2024-Q1,469.45,297.1202531645569,315.5985915492958,309.049295774648,211.5605095541401
2024-03-12,2024-Q1,455.65,288.38607594936707,315.5985915492958,309.049295774648,211.5605095541401
2024-03-13,2024-Q1,461.45,292.0569620253164,315.5985915492958,309.049295774648,211.5605095541401
2024-03-14,2024-Q1,467.5,295.88607594936707,315.5985915492958,308.46830985915494,211.5605095541401
2024-03-15,2024-Q1,469.7,297.27848101265823,315.5985915492958,307.9753521126761,211.5605095541401
2024-03-18,2024-Q1,470.35,297.6898734177215,315.5985915492958,307.57042253521126,211.5605095541401
2024-03-19,2024-Q1,479.0,303.1645569620253,315.5985915492958,307.23591549295776,211.5605095541401
2024-03-20,2024-Q1,502.25,317.87974683544303,315.9154929577465,307.23591549295776,211.5605095541401
2024-03-21,2024-Q1,541.4,342.65822784810126,316.28521126760563,307.23591549295776,211.5605095541401
2024-03-22,2024-Q1,535.95,339.2088607594937,316.5316901408451,307.23591549295776,211.5605095541401
2024-03-25,2024-Q1,535.95,339.2088607594937,317.11267605633805,307.23591549295776,211.5605095541401
2024-03-26,2024-Q1,542.1,343.1012658227848,317.72887323943667,307.23591549295776,211.5605095541401
2024-03-27,2024-Q1,548.5,347.1518987341772,317.8659297557497,307.23591549295776,211.5605095541401
2024-03-28,2024-Q1,540.9,342.3417721518987,318.0771973613835,307.23591549295776,211.5605095541401
2024-03-29,2024-Q1,540.9,342.3417721518987,318.274647887324,307.23591549295776,211.5605095541401
2024-04-01,2024-Q2,514.25,325.4746835443038,318.30985915492965,307.23591549295776,211.5605095541401
2024-04-02,2024-Q2,517.95,327.8164556962025,318.4507042253521,307.23591549295776,211.5605095541401
2024-04-03,2024-Q2,510.35,323.00632911392404,318.4507042253521,307.23591549295776,211.5605095541401
2024-04-04,2024-Q2,510.65,323.19620253164555,318.4507042253521,307.23591549295776,211.5605095541401
2024-04-05,2024-Q2,514.45,325.6012658227848,318.4507042253521,307.23591549295776,211.5605095541401
2024-04-08,2024-Q2,504.6,319.3670886075949,318.4507042253521,307.23591549295776,211.5605095541401
2024-04-09,2024-Q2,501.75,317.5632911392405,318.30985915492965,307.23591549295776,211.5605095541401
2024-04-10,2024-Q2,504.1,319.0506329113924,318.30985915492965,307.23591549295776,211.5605095541401
2024-04-11,2024-Q2,504.1,319.0506329113924,318.4507042253521,307.23591549295776,211.5605095541401
2024-04-12,2024-Q2,494.25,312.8164556962025,318.4507042253521,307.23591549295776,211.5605095541401
2024-04-15,2024-Q2,494.7,313.1012658227848,318.30985915492965,307.23591549295776,211.5605095541401
2024-04-16,2024-Q2,517.65,327.626582278481,318.30985915492965,307.23591549295776,211.5605095541401
2024-04-17,2024-Q2,517.65,327.626582278481,318.30985915492965,307.23591549295776,211.5605095541401
2024-04-18,2024-Q2,529.05,334.8417721518987,318.30985915492965,307.23591549295776,211.5605095541401
2024-04-19,2024-Q2,533.9,337.9113924050633,318.30985915492965,307.23591549295776,211.5605095541401
2024-04-22,2024-Q2,532.2,336.8354430379747,318.4507042253521,307.23591549295776,211.687898089172
2024-04-23,2024-Q2,534.15,338.06962025316454,318.4507042253521,307.23591549295776,214.2675159235669
2024-04-24,2024-Q2,545.3,345.1265822784809,318.4507042253521,307.23591549295776,214.42675159235665
2024-04-25,2024-Q2,542.25,343.19620253164555,318.4507042253521,307.23591549295776,215.5732484076433
2024-04-26,2024-Q2,557.6,352.9113924050633,318.4507042253521,307.23591549295776,216.9745222929936
2024-04-29,2024-Q2,559.05,353.8291139240506,318.4507042253521,307.23591549295776,224.84076433121007
2024-04-30,2024-Q2,553.95,350.6012658227848,318.46830985915494,307.23591549295776,227.6433121019108
2024-05-01,2024-Q2,553.95,350.6012658227848,318.46830985915494,307.23591549295776,232.0382165605096
2024-05-02,2024-Q2,549.05,347.49999999999994,318.8204225352113,307.23591549295776,237.7388535031847
2024-05-03,2024-Q2,548.2,346.9620253164557,319.0499643430202,307.23591549295776,244.42675159235668
2024-05-06,2024-Q2,546.3,345.75949367088606,319.0506329113924,307.23591549295776,245.796178343949
2024-05-07,2024-Q2,570.65,361.1708860759493,319.0506329113924,307.57042253521126,246.49681528662416
2024-05-08,2024-Q2,581.95,368.3227848101266,319.0506329113924,307.9753521126761,250.2229299363057
2024-05-09,2024-Q2,582.3,368.54430379746833,319.0506329113924,308.46830985915494,288.38607594936707
2024-05-10,2024-Q2,580.0,367.0886075949367,319.0506329113924,309.049295774648,289.2857142857143
2024-05-13,2024-Q2,585.75,370.7278481012658,319.0506329113924,309.3485915492958,289.6518987341772
2024-05-14,2024-Q2,608.7,385.253164556962,319.0506329113924,309.5422535211268,289.6518987341772
2024-05-15,2024-Q2,641.5,406.0126582278481,319.0506329113924,310.88028169014086,291.11111111111114
2024-05-16,2024-Q2,629.75,398.5759493670886,319.0506329113924,312.4821715100731,292.0569620253164
2024-05-17,2024-Q2,654.55,414.2721518987341,319.20886075949363,312.95886075949363,292.6984126984127
2024-05-18,2024-Q2,663.35,419.84177215189874,319.20886075949363,313.22316812266,293.19620253164555
2024-05-20,2024-Q2,663.35,419.84177215189874,319.63072740238897,314.2077464788732,293.73015873015873
2024-05-21,2024-Q2,643.0,406.96202531645565,320.5110090925299,315.28169014084506,294.3037974683544
2024-05-22,2024-Q2,641.05,405.72784810126575,322.33062934569443,315.5985915492958,295.7142857142857
2024-05-23,2024-Q2,636.1,402.5949367088608,323.1012658227848,315.9154929577465,295.88607594936707
2024-05-24,2024-Q2,647.2,409.62025316455697,324.18612943483686,316.28521126760563,296.26984126984127
2024-05-27,2024-Q2,651.0,412.02531645569616,325.32536994116595,316.5316901408451,296.74603174603175
2024-05-28,2024-Q2,629.45,398.3860759493671,325.32536994116595,317.09150472454985,296.8670886075949
2024-05-29,2024-Q2,632.2,400.126582278481,325.32536994116595,317.5844624710287,297.1202531645569
2024-05-30,2024-Q2,647.4,409.7468354430379,325.32536994116595,317.72887323943667,297.1825396825397
2024-05-31,2024-Q2,643.45,407.246835443038,325.5379746835443,317.8659297557497,297.1825396825397
2024-06-03,2024-Q2,686.25,434.3354430379746,325.5379746835443,318.0771973613835,297.2468354430379
2024-06-04,2024-Q2,627.0,396.8354430379746,326.61392405063293,318.274647887324,297.27848101265823
2024-06-05,2024-Q2,627.65,397.2468354430379,327.626582278481,318.30985915492965,297.3015873015873
2024-06-06,2024-Q2,656.2,415.3164556962025,327.72151898734177,318.4507042253521,297.6587301587302
2024-06-07,2024-Q2,663.55,419.9683544303797,331.3291139240506,318.57394366197184,297.6898734177215
2024-06-10,2024-Q2,654.75,414.3987341772152,335.83860759493666,318.8204225352113,299.0140845070423
2024-06-11,2024-Q2,662.0,418.9873417721519,337.373417721519,319.0499643430202,299.2721518987342
2024-06-12,2024-Q2,666.15,421.6139240506329,337.99050632911394,319.0506329113924,299.2857142857143
2024-06-13,2024-Q2,667.75,422.626582278481,338.6392405063291,319.20886075949363,299.3253968253968
2024-06-14,2024-Q2,688.8,435.9493670886076,339.2088607594937,319.4546710643608,299.8809523809524
2024-06-17,2024-Q2,688.8,435.9493670886076,340.77531645569616,319.71830985915494,299.9647887323944
2024-06-18,2024-Q2,686.0,434.1772151898734,342.3417721518987,319.94718309859155,300.0793650793651
2024-06-19,2024-Q2,675.45,427.5,342.5,320.1584507042254,300.23809523809524
2024-06-20,2024-Q2,679.95,430.3481012658228,342.87974683544303,320.65140845070425,300.3968253968254
2024-06-21,2024-Q2,680.3,430.5696202531645,343.14873417721515,321.0387323943662,300.7142857142857
2024-06-24,2024-Q2,701.75,444.1455696202531,344.1613924050632,321.1443661971831,300.8333333333333
2024-06-25,2024-Q2,692.1,438.0379746835443,345.4430379746835,321.2676056338029,301.54761904761904
2024-06-26,2024-Q2,685.3,433.73417721518985,346.3607594936709,321.42605633802816,301.6901408450704
2024-06-27,2024-Q2,697.75,441.6139240506329,347.05696202531647,321.5845070422536,302.0774647887324
2024-06-28,2024-Q2,704.7,446.01265822784814,347.3259493670886,321.67253521126764,302.2619047619048
2024-07-01,2024-Q3,721.6,456.7088607594937,349.0506329113924,322.024647887324,302.73809523809524
2024-07-02,2024-Q3,720.15,455.7911392405063,350.6012658227848,322.5,302.887323943662
2024-07-03,2024-Q3,720.3,455.886075949367,351.75632911392404,322.8235870921733,303.1645569620253
2024-07-04,2024-Q3,722.55,457.3101265822784,353.37025316455697,323.1012658227848,303.4920634920635
2024-07-05,2024-Q3,772.2,488.7341772151899,357.49999999999994,323.4466928151186,304.1901408450704
2024-07-08,2024-Q3,768.5,486.3924050632911,364.12974683544303,324.049295774648,304.5422535211268
2024-07-09,2024-Q3,757.8,479.6202531645569,367.70569620253167,324.7887323943662,304.88095238095235
2024-07-10,2024-Q3,742.05,469.6518987341772,368.4335443037975,325.32536994116595,305.4225352112676
2024-07-11,2024-Q3,745.2,471.6455696202532,369.6360759493671,325.5379746835443,306.7063492063492
2024-07-12,2024-Q3,726.65,459.9050632911392,377.99050632911394,325.86401319308254,307.1478873239437
2024-07-15,2024-Q3,726.95,460.0949367088608,391.0443037974683,326.1267605633803,307.21830985915494
2024-07-16,2024-Q3,730.6,462.4050632911392,397.0411392405063,326.1267605633803,307.2535211267606
2024-07-17,2024-Q3,730.6,462.4050632911392,397.8164556962025,326.3028169014085,307.88732394366195
2024-07-18,2024-Q3,689.3,436.2658227848101,398.4810126582279,326.6549295774648,308.0633802816902
2024-07-19,2024-Q3,675.65,427.62658227848095,399.3512658227848,327.228784096987,308.3730158730159
2024-07-22,2024-Q3,689.75,436.5506329113924,401.3607594936709,327.626582278481,308.4523809523809
2024-07-23,2024-Q3,676.4,428.1012658227848,404.1613924050633,327.65131930825464,308.87323943661977
2024-07-24,2024-Q3,697.1,441.2025316455696,405.8702531645569,327.74625601711534,309.2253521126761
2024-07-25,2024-Q3,728.6,461.1392405063291,406.4873417721519,327.95752362274914,309.4718309859155
2024-07-26,2024-Q3,732.35,463.5126582278481,407.1044303797468,328.3802816901408,309.61267605633805
2024-07-29,2024-Q3,741.05,469.0189873417721,408.4335443037975,328.6619718309859,309.72222222222223
2024-07-30,2024-Q3,739.55,468.0696202531645,409.6835443037975,328.78521126760563,312.1478873239437
2024-07-31,2024-Q3,736.0,465.82278481012656,410.8860759493671,329.40140845070425,312.8164556962025
2024-08-01,2024-Q3,728.6,461.1392405063291,413.1487341772152,329.8943661971831,313.1012658227848
2024-08-02,2024-Q3,731.65,463.0696202531645,414.3354430379746,329.92957746478874,313.34507042253523
2024-08-05,2024-Q3,691.25,437.5,414.8575949367089,330.42253521126764,314.92063492063494
2024-08-06,2024-Q3,668.55,423.132911392405,417.1518987341772,330.9330985915493,315.07042253521126
2024-08-07,2024-Q3,685.8,434.0506329113924,419.41455696202536,331.2676056338029,315.4929577464789
2024-08-08,2024-Q3,678.65,429.52531645569616,419.84177215189874,331.2676056338029,315.7042253521127
2024-08-09,2024-Q3,713.2,451.3924050632912,419.9050632911392,333.2483508646817,316.1267605633803
2024-08-12,2024-Q3,705.85,446.74050632911394,420.7911392405063,335.83860759493666,316.44366197183103
2024-08-13,2024-Q3,692.9,438.54430379746833,422.12025316455697,337.373417721519,316.6197183098592
2024-08-14,2024-Q3,706.4,447.0886075949367,422.87974683544303,337.99050632911394,316.7063492063492
2024-08-15,2024-Q3,706.4,447.0886075949367,425.3164556962025,338.6392405063291,317.06349206349205
2024-08-16,2024-Q3,715.45,452.8164556962025,427.5632911392405,339.2088607594937,317.5632911392405
2024-08-19,2024-Q3,710.55,449.71518987341767,427.8639240506329,340.77531645569616,317.6056338028169
2024-08-20,2024-Q3,735.55,465.5379746835442,428.8132911392405,342.3417721518987,317.8174603174603
2024-08-21,2024-Q3,734.0,464.5569620253164,429.9367088607595,342.5,317.8521126760564
2024-08-22,2024-Q3,740.65,468.7658227848101,430.4588607594936,342.87974683544303,317.87974683544303
2024-08-23,2024-Q3,750.2,474.8101265822785,432.1518987341772,343.14873417721515,318.274647887324
2024-08-26,2024-Q3,738.05,467.1202531645569,433.8924050632911,344.1613924050632,318.274647887324
2024-08-27,2024-Q3,729.8,461.8987341772152,434.1139240506329,345.4430379746835,318.34507042253523
2024-08-28,2024-Q3,711.8,450.506329113924,434.256329113924,346.3607594936709,318.556338028169
2024-08-29,2024-Q3,700.8,443.54430379746833,435.1424050632911,347.05696202531647,318.57142857142856
2024-08-30,2024-Q3,696.1,440.5696202531645,435.9493670886076,347.3259493670886,318.59154929577466
2024-09-02,2024-Q3,683.6,432.65822784810126,435.9493670886076,349.0506329113924,318.8095238095238
2024-09-03,2024-Q3,689.4,436.3291139240506,436.1075949367088,350.6012658227848,318.8095238095238
2024-09-04,2024-Q3,688.95,436.0443037974684,436.1550632911392,351.75632911392404,318.92857142857144
2024-09-05,2024-Q3,687.5,435.126582278481,436.1550632911392,353.37025316455697,319.049295774648
2024-09-06,2024-Q3,673.55,426.2974683544304,436.1550632911392,357.49999999999994,319.0506329113924
2024-09-09,2024-Q3,664.15,420.3481012658228,436.1550632911392,364.12974683544303,319.0506329113924
2024-09-10,2024-Q3,664.6,420.63291139240505,436.1550632911392,367.70569620253167,319.0873015873016
2024-09-11,2024-Q3,689.75,436.5506329113924,436.2974683544304,368.4335443037975,319.3670886075949
2024-09-12,2024-Q3,729.15,461.4873417721519,436.4398734177215,369.6360759493671,319.5422535211268
2024-09-13,2024-Q3,713.7,451.7088607594937,436.5506329113924,377.99050632911394,319.8943661971831
2024-09-16,2024-Q3,714.2,452.0253164556962,437.0253164556962,391.0443037974683,320.0
2024-09-17,2024-Q3,731.1,462.72151898734177,437.7689873417721,397.0411392405063,320.31690140845075
2024-09-18,2024-Q3,743.25,470.4113924050633,438.2911392405063,397.8164556962025,320.43650793650795
2024-09-19,2024-Q3,735.95,465.7911392405063,439.5569620253164,398.4810126582279,320.515873015873
2024-09-20,2024-Q3,746.5,472.46835443037975,440.8860759493671,399.3512658227848,320.5952380952381
2024-09-23,2024-Q3,773.95,489.84177215189874,441.4082278481012,401.3607594936709,320.5952380952381
2024-09-24,2024-Q3,781.85,494.84177215189874,442.5791139240506,404.1613924050633,320.98591549295776
2024-09-25,2024-Q3,775.85,491.04430379746833,443.8449367088607,405.8702531645569,321.09154929577466
2024-09-26,2024-Q3,772.1,488.6708860759493,445.0791139240506,406.4873417721519,321.1971830985916
2024-09-27,2024-Q3,761.75,482.1202531645569,446.376582278481,407.1044303797468,321.3380281690141
2024-09-30,2024-Q3,759.05,480.4113924050632,446.91455696202536,408.4335443037975,321.3492063492063
2024-10-01,2024-Q4,751.3,475.506329113924,447.0886075949367,409.6835443037975,321.5140845070423
2024-10-02,2024-Q4,751.3,475.506329113924,448.4018987341772,410.8860759493671,321.6549295774648
2024-10-03,2024-Q4,738.4,467.3417721518987,450.1107594936708,413.1487341772152,321.69014084507046
2024-10-04,2024-Q4,718.75,454.9050632911392,450.9493670886076,414.3354430379746,322.10317460317464
2024-10-07,2024-Q4,759.15,480.4746835443038,451.5506329113924,414.8575949367089,322.35915492957747
2024-10-08,2024-Q4,780.4,493.92405063291136,451.86708860759495,417.1518987341772,322.46031746031747
2024-10-09,2024-Q4,803.5,508.54430379746833,452.4208860759494,419.41455696202536,322.64084507042253
2024-10-10,2024-Q4,841.75,532.753164556962,453.86075949367086,419.84177215189874,322.8571428571429
2024-10-11,2024-Q4,858.15,543.132911392405,455.3481012658227,419.9050632911392,322.9365079365079
2024-10-14,2024-Q4,855.3,541.3291139240506,455.8386075949367,420.1582278481012,323.00632911392404
2024-10-15,2024-Q4,832.7,527.0253164556962,456.2974683544304,420.49050632911394,323.19620253164555
2024-10-16,2024-Q4,834.7,528.2911392405064,457.00949367088606,421.123417721519,323.3333333333333
2024-10-17,2024-Q4,837.2,529.873417721519,458.6075949367088,422.12025316455697,323.69718309859155
2024-10-18,2024-Q4,819.0,518.3544303797468,460.0,422.87974683544303,323.76984126984127
2024-10-21,2024-Q4,775.6,490.8860759493671,460.61708860759495,424.71518987341767,323.8095238095238
2024-10-22,2024-Q4,755.2,477.9746835443038,461.1392405063291,426.8987341772152,323.8492063492064
2024-10-23,2024-Q4,740.5,468.6708860759493,461.3132911392405,427.5632911392405,323.8492063492064
2024-10-24,2024-Q4,733.8,464.4303797468354,461.69303797468353,427.8639240506329,324.04761904761904
2024-10-25,2024-Q4,743.5,470.5696202531645,462.1518987341772,428.8132911392405,324.40140845070425
2024-10-28,2024-Q4,711.9,450.5696202531645,462.1518987341772,429.9367088607595,324.4047619047619
2024-10-29,2024-Q4,717.85,454.3354430379747,462.1518987341772,430.4588607594936,324.9206349206349
2024-10-30,2024-Q4,714.1,451.9620253164557,462.1518987341772,431.6139240506329,325.17605633802816
2024-10-31,2024-Q4,704.4,445.82278481012656,462.1518987341772,433.1962025316456,325.4746835443038
2024-11-01,2024-Q4,720.6,456.0759493670886,462.1518987341772,433.8924050632911,325.6012658227848
2024-11-04,2024-Q4,715.85,453.0696202531645,462.1518987341772,434.1139240506329,325.8730158730159
2024-11-05,2024-Q4,704.85,446.1075949367088,462.1518987341772,434.256329113924,326.1267605633803
2024-11-06,2024-Q4,725.5,459.1772151898734,462.1518987341772,434.73101265822777,326.1267605633803
2024-11-07,2024-Q4,727.0,460.126582278481,462.1518987341772,435.5379746835443,326.1267605633803
2024-11-08,2024-Q4,716.25,453.32278481012656,461.69303797468353,435.9493670886076,326.47887323943667
2024-11-11,2024-Q4,727.5,460.44303797468353,461.3132911392405,435.996835443038,326.830985915493
2024-11-12,2024-Q4,712.7,451.07594936708864,461.1392405063291,436.1550632911392,327.22222222222223
2024-11-13,2024-Q4,689.05,436.1075949367088,460.7911392405063,436.1867088607594,327.3015873015873
2024-11-14,2024-Q4,695.1,439.9367088607595,460.2848101265823,436.2974683544304,327.626582278481
2024-11-15,2024-Q4,695.1,439.9367088607595,460.2848101265823,436.4398734177215,327.626582278481
2024-11-18,2024-Q4,702.8,444.8101265822784,460.2848101265823,436.5506329113924,327.6760563380282
2024-11-19,2024-Q4,718.3,454.6202531645569,459.6518987341772,437.0253164556962,327.8164556962025
2024-11-20,2024-Q4,718.3,454.6202531645569,457.626582278481,437.7689873417721,328.09859154929575
2024-11-21,2024-Q4,711.3,450.1898734177215,457.626582278481,438.2911392405063,328.6619718309859
2024-11-22,2024-Q4,730.05,462.0569620253164,459.6518987341772,439.24050632911394,328.6619718309859
2024-11-25,2024-Q4,736.7,466.26582278481015,460.2848101265823,439.9367088607595,328.9084507042254
2024-11-26,2024-Q4,735.45,465.4746835443038,460.7911392405063,440.253164556962,329.1666666666667
2024-11-27,2024-Q4,764.3,483.73417721518985,461.1392405063291,440.8860759493671,329.8943661971831
2024-11-28,2024-Q4,752.45,476.2341772151899,461.3132911392405,441.4082278481012,329.8943661971831
2024-11-29,2024-Q4,732.25,463.4493670886076,461.3132911392405,442.5791139240506,329.9647887323944
2024-12-02,2024-Q4,755.2,477.9746835443038,461.3132911392405,443.8449367088607,330.88028169014086
2024-12-03,2024-Q4,761.3,481.8354430379746,461.3132911392405,444.47784810126575,330.95238095238096
2024-12-04,2024-Q4,752.2,476.07594936708864,461.3132911392405,445.31645569620247,330.95238095238096
2024-12-05,2024-Q4,769.35,486.93037974683546,461.69303797468353,445.9177215189874,330.95238095238096
2024-12-06,2024-Q4,782.5,495.253164556962,461.69303797468353,446.0601265822785,330.98591549295776
2024-12-09,2024-Q4,793.5,502.21518987341767,461.9778481012658,446.42405063291136,331.6549295774648
2024-12-10,2024-Q4,797.2,504.55696202531647,462.3892405063291,446.91455696202536,331.7063492063492
2024-12-11,2024-Q4,783.1,495.63291139240505,463.0854430379746,447.0886075949367,333.274647887324
2024-12-12,2024-Q4,783.15,495.6645569620253,463.9398734177215,448.4018987341772,334.8417721518987
2024-12-13,2024-Q4,769.0,486.7088607594936,464.4936708860759,449.9525316455696,335.7936507936508
2024-12-16,2024-Q4,770.95,487.94303797468353,465.0158227848101,450.3481012658227,336.8354430379747
2024-12-17,2024-Q4,770.8,487.8481012658227,465.506329113924,450.5379746835442,337.2619047619048
2024-12-18,2024-Q4,766.8,485.31645569620247,465.6645569620253,450.82278481012656,337.9113924050633
2024-12-19,2024-Q4,764.65,483.9556962025316,466.02848101265823,451.2341772151899,338.06962025316454
2024-12-20,2024-Q4,730.05,462.0569620253164,466.02848101265823,451.5506329113924,339.2088607594937
2024-12-23,2024-Q4,727.6,460.506329113924,466.02848101265823,451.8354430379747,339.2088607594937
2024-12-24,2024-Q4,713.7,451.7088607594937,466.02848101265823,451.8354430379747,340.75396825396825
2024-12-25,2024-Q4,713.7,451.7088607594937,466.02848101265823,451.8354430379747,340.9920634920635
2024-12-26,2024-Q4,743.75,470.7278481012658,466.02848101265823,451.993670886076,342.3417721518987
2024-12-27,2024-Q4,748.25,473.5759493670886,466.02848101265823,452.4208860759494,342.3417721518987
2024-12-30,2024-Q4,735.85,465.7278481012658,465.75949367088606,452.94303797468353,342.65822784810126
2024-12-31,2024-Q4,728.0,460.75949367088606,465.75949367088606,453.1962025316456,343.1012658227848
